id	redshift	xray_boxcar_2to10keV	xray_boxcar_2to10keV_err	xray_boxcar_0p5to2keV	xray_boxcar_0p5to2keV_err	galex.FUV	galex.FUV_err	galex.NUV	galex.NUV_err	u_prime	u_prime_err	g_prime	g_prime_err	r_prime	r_prime_err	i_prime	i_prime_err	z_prime	z_prime_err	UKIRT_WFCJ	UKIRT_WFCJ_err	ukirt.H	ukirt.H_err	ukirt.Ks	ukirt.Ks_err	WISE1	WISE1_err	WISE2	WISE2_err	WISE3	WISE3_err	WISE4	WISE4_err	PSW	PSW_err	PMW	PMW_err	PLW	PLW_err
2563	0.3047622	1.341	0.18964603871423202	4.072	0.5758677625983243	nan	nan	nan	nan	4484.0	759.8171622173323	7907.099999999999	833.6492752350956	14989.0	1551.4062169528652	19523.0	2028.973025941942	26970.0	3200.3965379308856	44409.0	8270.436615439357	41639.0	12005.234825275182	57649.0	8152.799765724656	48532.0	7768.520209151804	42936.0	14023.462516796628	nan	nan	2600000.0	nan	nan	nan	nan	nan	nan	nan
2598	0.3608	6.437	0.9103292700995613	26.9	3.8042344827836256	7474.599999999999	1145.175188169915	7535.0	1115.615319005615	13021.0	1584.9725865137227	15412.0	1579.0589381020582	27419.0	2787.926803199826	34805.0	3546.056110667173	63710.0	6854.595684648366	63395.0	9790.59657273243	85468.0	15126.076498550443	116390.0	16460.031652460453	70214.0	9782.11526000384	87827.0	16569.197907261536	nan	nan	2600000.0	nan	nan	nan	nan	nan	nan	nan
2667	0.1100022	25.25	3.5708892449920655	95.72	13.536852219035268	92579.0	9613.36634119391	100030.0	10146.763671240205	144260.0	14630.5611649041	250830.0	25109.53215414417	471680.0	47196.88575531229	756620.0	75698.36167315644	899970.0	90263.41955077926	1014500.0	101763.83786001784	1273000.0	127952.95268183536	1477000.0	208879.34316250615	1114900.0	115197.39667197345	1411300.0	146184.9821288083	3620000.0	408507.63762749895	5876800.0	1369502.3849559373	nan	nan	nan	nan	nan	nan
2700	0.277063	8.73	1.234608439951712	18.02	2.5484128393963172	nan	nan	nan	nan	2545.7000000000003	740.3437883172926	9810.5	1028.8630144484737	35813.0	3622.4413107737164	60445.0	6096.935677863102	89374.0	9333.446242412285	147000.0	16467.875667492757	198880.0	23516.69713203791	303400.0	42907.2394823997	193210.0	21431.474914247035	199540.0	25551.58930477711	965890.0	192488.1422867393	2739200.0	1305070.1768104273	nan	nan	nan	nan	nan	nan
2782	0.2755461	7.204000000000001	1.018799450333578	1.6869999999999998	0.23857782797234112	nan	nan	7439.5	1394.9414333584045	9724.3	1282.582470993581	23334.0	2366.4800971062486	58788.0	5913.621063274177	83376.0	8382.567397283485	119880.0	12314.529345452062	178050.0	18987.154868489382	236480.0	26204.80879533373	308440.0	43620.003117835746	285510.0	30543.11871764244	389070.0	42507.0470510479	981740.0	198654.0316127513	nan	nan	nan	nan	nan	nan	nan	nan
2850	0.3549812	1.936	0.2737917456754312	9.947	1.4067182304925177	nan	nan	nan	nan	5858.5	889.2588051293054	11064.0	1145.7254121298001	23109.0	2354.4211963877665	31403.0	3196.487913319868	43259.0	4743.861276428728	48886.0	8210.092932482556	76577.0	13691.708048669458	78356.0	11081.211789330624	63449.0	9017.772452773468	76142.0	14756.206885239852	nan	nan	2600000.0	nan	nan	nan	nan	nan	nan	nan
2878	0.4084936	21.15	2.991061684419096	124.3	17.57867458029757	nan	nan	nan	nan	5547.3	815.6772479970249	9360.5	970.5574957208873	15410.0	1582.2648324474635	24904.0	2544.7241815175175	36997.0	4113.463758196977	58096.0	7128.5772184917805	67935.0	8944.965245879941	87171.0	12327.841044562509	102710.0	12306.43254562426	120230.0	18325.431209114835	nan	nan	2600000.0	nan	nan	nan	nan	nan	nan	nan
3015	0.2801454	0.5490999999999999	0.07765446670990664	5.597	0.7915353308602214	nan	nan	nan	nan	3618.7	769.9389955704283	17711.0	1805.487662655162	50368.0	5071.156547573739	75292.0	7575.437091679925	101070.0	10453.213525036212	154880.0	16787.39765419286	191350.0	21409.928561300712	212850.0	30101.53567511133	153900.0	17417.589844751772	157050.0	21341.26343495155	412990.0	144430.493321182	nan	nan	nan	nan	nan	nan	nan	nan
3092	0.1963534	4.787999999999999	0.6771254536642378	26.14	3.696754252043271	21752.0	2648.5120426382814	22859.0	2559.324092411901	33803.0	3574.772313029181	52020.0	5230.055927043228	97153.0	9746.33746234964	146720.0	14704.899510367284	176570.0	17892.91661524191	228440.0	23201.981294708432	277130.0	28445.783413363744	332340.0	46999.97353190744	243680.0	26068.122755580232	247530.0	28369.18414406731	411710.0	129233.514387716	2321600.0	849056.6268512366	nan	nan	nan	nan	nan	nan
3232	0.4127136	1.089	0.15400785694243005	3.855	0.5451793282948282	nan	nan	nan	nan	8084.300000000001	1004.7341065675039	12252.0	1252.6915182917141	21180.0	2150.195918980408	30543.0	3097.0986584221046	40779.0	4408.882444565743	52133.0	8967.982264143926	71762.0	13184.136165862366	79962.0	11308.334487447744	83105.0	10694.427111818566	73456.0	15001.474572854497	354100.0	138986.43135212877	nan	nan	nan	nan	nan	nan	nan	nan
3335	0.2415337	7.933000000000001	1.1218956190305764	9.873	1.3962530501309567	nan	nan	nan	nan	6750.200000000001	1154.7439588064533	25910.0	2630.8205944153624	71420.0	7181.261310521989	110460.0	11101.132419712865	141250.0	14573.58463110569	156560.0	17861.09585103893	218600.0	26734.092466362123	310360.0	43891.532121811375	262560.0	27995.691829279735	303690.0	33818.49436329181	1252100.0	179917.1589926875	3747600.0	929863.4618050115	nan	nan	nan	nan	nan	nan
3388	0.3938024	0.9523	0.13467555754478985	2.4	0.33941125496954283	nan	nan	nan	nan	5266.5	841.7927966548536	8510.400000000001	892.7827964292325	16860.0	1733.867688146936	20848.0	2163.868572718778	27494.0	3414.0557054623464	35919.0	7112.599145881904	43325.0	11109.610985538602	32923.0	4656.015311400941	55671.0	8032.22898142228	39122.0	11816.421151939365	nan	nan	2600000.0	nan	nan	nan	nan	nan	nan	nan
3487	0.5936148	1.3539999999999999	0.19148451634531705	nan	nan	nan	nan	nan	nan	1899.7	463.9735885802122	2314.8	283.2264648651323	4034.0	464.1140053909169	6323.599999999999	724.7523574297638	10818.0	1729.1883182580202	15556.0	3977.789883842534	19070.0	6146.3239419998035	50943.0	7204.428150797258	104820.0	12388.378949644703	158350.0	20180.369793440357	819650.0	182537.3146099175	3351400.0	1015401.9251508242	nan	nan	nan	nan	nan	nan
3647	0.3405867	0.8928999999999999	0.12627512898429363	2.803	0.39640406153317853	nan	nan	nan	nan	7849.700000000001	1088.1593913117692	16320.0	1669.6347654502167	34675.0	3509.434293443888	42946.0	4351.274429405712	58194.0	6239.945541429028	90259.0	11414.247229230668	125720.0	16502.46296769061	139700.0	19756.563466352138	114510.0	13533.927626524386	123260.0	18140.738022473066	459230.0	195568.22832198485	nan	nan	nan	nan	nan	nan	nan	nan
3909	0.3701844	4.358	0.6163142704821948	13.34	1.8865608922057089	nan	nan	nan	nan	2531.1	655.0742798339742	6632.5	708.3447271632648	13001.0	1355.4822979294124	19686.0	2045.9096680938776	24622.0	3176.5512493898163	31188.0	6237.669231371602	48742.0	10715.720910886024	65274.0	9231.137607034141	97102.0	11581.42167611559	109550.0	16448.857863085814	nan	nan	2600000.0	nan	nan	nan	nan	nan	nan	nan
3936	0.3485558	1.822	0.25766971106437797	1.789	0.2530028063085467	nan	nan	nan	nan	nan	nan	4216.0	472.48645483230524	15830.0	1629.074304628245	25391.0	2598.7287392107705	36219.0	4105.912275000526	51795.0	7558.587516857895	90669.0	13190.340238598852	104590.0	14791.259648860201	96744.0	11232.777010160933	92646.0	14612.4198256141	nan	nan	2600000.0	nan	nan	nan	nan	nan	nan	nan
3966	0.3546876	2.169	0.3067429216787243	6.648000000000001	0.9401691762656337	nan	nan	nan	nan	12186.0	1413.6329827787692	15137.0	1541.6447483126583	24385.0	2470.6858359572957	32791.0	3321.321306347822	47312.0	5026.674590621517	55830.0	6555.607141981588	68341.0	8719.354781748476	93872.0	13275.505552708719	106470.0	12308.096278466463	101870.0	14992.497090211491	nan	nan	2600000.0	nan	nan	nan	nan	nan	nan	nan
3976	0.1210506	12.290000000000001	1.738068468156534	37.42	5.291987150400122	8532.5	1759.7035439243737	13678.0	2010.85873198492	34420.0	3682.1499154705803	109710.0	10997.848198625039	208750.0	20904.27853335293	314090.0	31448.214273627684	371130.0	37392.69974206195	509750.0	51328.420918629476	641150.0	64882.01626028587	774840.0	109578.92366691689	667460.0	69135.72821631374	711260.0	74898.2561612752	2816000.0	324127.7680174903	4871100.0	1050200.129546745	nan	nan	nan	nan	nan	nan
3982	0.3884351	nan	nan	3.907	0.5525332388191683	10729.0	1555.3103902436967	11351.0	1473.1507085155952	11427.0	1348.116233861161	16123.000000000002	1642.3626670135925	27242.0	2761.4761414866507	34853.0	3533.0007146899934	53327.0	5634.076081310937	79182.0	8694.02043015773	79326.0	9436.549356623957	108390.0	15328.660802561977	135400.0	15199.488017693227	165210.0	21159.20227702358	452090.0	163667.78449346713	nan	nan	nan	nan	nan	nan	nan	nan
4028	0.3929791	nan	nan	3.3400000000000003	0.47234732983261385	nan	nan	nan	nan	nan	nan	4502.799999999999	514.5416196965995	17213.0	1775.5376481505539	29443.0	3015.973383503243	40632.0	4672.949629516672	58974.0	8270.896430254705	75857.0	12214.138262276221	78761.0	11138.487438606735	60149.0	8091.9460582730035	32481.0	11507.899617653953	286300.0	138687.29898588406	nan	nan	nan	nan	nan	nan	nan	nan
4159	0.3444124	nan	nan	2.379	0.3364414064885593	nan	nan	nan	nan	8288.3	1039.0316303655052	12367.0	1266.0013941540508	20608.0	2095.0181502793716	25594.0	2607.6098577049443	35681.0	3934.922948419702	33740.0	9916.627501323219	36120.0	11378.516775045859	57698.0	8159.729412180284	69571.0	8866.073336601723	85041.0	14423.668632147648	nan	nan	2600000.0	nan	nan	nan	nan	nan	nan	nan
4214	0.2319613	nan	nan	9.725	1.375322689407835	15379.0	1907.820067511609	21745.0	2398.8787484989734	31966.0	3457.2735732076517	74627.0	7492.859123859197	162530.0	16285.225973255636	235680.0	23603.6065040917	286180.0	28901.057921813175	305990.0	33027.317496278745	370120.0	43210.85678391485	425890.0	60229.94140790775	296500.0	31414.437763550693	290820.0	32912.47216481922	1442400.0	201080.05271533027	3980500.0	955917.6808177575	nan	nan	nan	nan	nan	nan
4272	0.3911264	nan	nan	8.403	1.1883636564621118	nan	nan	nan	nan	9266.8	1208.425083486767	15586.0	1596.2187224813524	38873.0	3925.207628903215	59528.0	5996.932072318312	83577.0	8674.530436282992	113380.0	12724.481128910522	144950.0	16467.995658245723	203270.0	28746.719082357904	254930.0	27182.246743049036	301180.0	33945.97949684174	421690.0	120143.55813359283	nan	nan	nan	nan	nan	nan	nan	nan
4295	0.3034259	13.6	1.9233304448274096	53.940000000000005	7.628267955440476	nan	nan	12286.0	1605.806327051927	13778.0	1716.6562964088066	31572.0	3194.4173615856776	83892.0	8423.86230894119	128060.0	12855.495517482008	177960.0	18202.634204971542	238490.0	24324.092110498183	299580.0	30714.089486748584	389270.0	55051.09134249747	334220.0	35195.04203719609	351260.0	38812.574972552386	1018500.0	174830.86826987963	2520100.0	952830.6513226787	nan	nan	nan	nan	nan	nan
4387	0.2783752	3.311	0.46824611050173176	5.354	0.7571699412945551	nan	nan	nan	nan	7313.7	948.5983801904788	15427.0	1570.8780124503621	38381.0	3867.973584449615	56255.0	5663.22673129021	82099.0	8462.456027064483	112870.0	12178.58140343119	146280.0	16060.77660015231	189850.0	26848.84448165321	155320.0	17365.303913263368	199540.0	24358.222759470773	721410.0	145364.24553857802	2880400.0	912930.8471072713	nan	nan	nan	nan	nan	nan
4409	0.2551668	1.627	0.23009254659810258	5.038	0.7124807927235653	nan	nan	nan	nan	4673.2	810.0832502897464	7560.1	799.9910500124362	17693.0	1819.9558923226684	28007.0	2871.342802592543	41104.0	4665.430008048562	45955.0	7616.567222180869	54248.0	10130.82380855575	74636.0	10555.124344127833	56238.0	8073.065739853727	54705.0	12428.675321610102	nan	nan	2600000.0	nan	nan	nan	nan	nan	nan	nan
4602	0.1662703	2.624	0.3710896387667002	26.29	3.717967455478867	8419.2	1243.8459094276911	13223.0	1621.325547198958	20625.0	2323.5331394236664	49206.0	4949.7395941604855	99565.0	9988.308390313146	146310.0	14675.423060341394	170560.0	17421.120515052986	218680.0	22459.38164776582	263480.0	27411.417785295238	280680.0	39694.14626868803	234440.0	24916.956796527138	223270.0	25921.879349306448	nan	nan	2600000.0	nan	nan	nan	nan	nan	nan	nan
4624	0.5206637	8.046	1.1378762322853924	nan	nan	nan	nan	nan	nan	810.22	378.2787523559842	2177.0	271.60090206035767	6615.8	714.0266496427147	15540.0	1604.1074901639229	21757.0	2517.225951320223	38829.0	5230.863925777462	60483.0	7760.217580068229	70949.0	10033.703803680872	90204.0	10959.278815688558	100100.0	15788.736491562584	331460.0	165748.053732163	nan	nan	nan	nan	nan	nan	nan	nan
4804	0.4863	0.4915	0.06950859659063763	1.1139999999999999	0.15754339084836277	nan	nan	6254.8	1188.8423908996515	3430.8999999999996	724.2234379664884	7461.9	794.5962031749209	21321.0	2179.484895565922	34808.0	3537.3533383025224	49314.0	5335.548234249223	73595.0	8796.326747569125	103120.0	12535.209332117274	119250.0	16864.496731299158	112210.0	13086.028045209134	88803.0	15423.093985643738	568100.0	178008.61243209554	nan	nan	40859000.0	11397551.439234657	nan	nan	nan	nan
4951	0.4132244	nan	nan	0.9707	0.13727771049955634	nan	nan	nan	nan	1616.7	556.8838289086873	3294.7000000000003	390.11497138664134	9960.800000000001	1049.5417363783113	15310.0	1604.6910886522678	18643.0	2535.8579396330547	24486.0	5350.204758698493	24033.0	6227.429316339127	41054.0	5805.912358966505	nan	nan	nan	nan	275960.0	104219.90796388184	nan	nan	nan	nan	nan	nan	nan	nan
5005	0.4055346	0.6952	0.09831612685617758	2.8440000000000003	0.4022023371389083	nan	nan	nan	nan	6686.200000000001	918.1205500368675	9532.1	987.587056466416	13269.0	1370.6908112335182	19607.0	2021.998837784038	21316.0	2696.8171165282974	34301.0	4744.56215155835	45794.0	6409.146617140226	56131.0	7938.12214695642	74409.0	9212.687816810032	88395.0	13940.773301721823	nan	nan	2600000.0	nan	nan	nan	nan	nan	nan	nan
5087	0.3893034	0.8432999999999999	0.11926062971492311	2.083	0.29458068504231577	nan	nan	nan	nan	3785.7	668.023506248096	8774.1	915.2926680029727	20645.0	2105.7980078820474	30531.0	3102.7062977342866	43508.0	4700.457599000336	56412.0	7335.520325103053	66597.0	8892.640389108288	78115.0	11047.129242477433	85670.0	10264.560633558554	86383.0	14239.474249072542	396670.0	136395.45772862085	nan	nan	nan	nan	nan	nan	nan	nan
57494	0.255	4.072	0.5758677625983243	7.397	1.0460937720873784	nan	nan	nan	nan	3110.0	899.8512988266451	14920.0	1539.0160005665957	40294.0	4076.896443374543	66975.0	6761.884431133085	94443.0	9838.76854540242	104640.0	11777.95109516082	123360.0	15429.605309274764	183100.0	25894.25032705137	162340.0	17735.986158091124	131710.0	17289.16542231001	722780.0	142147.35060492685	nan	nan	nan	nan	nan	nan	nan	nan
129884	0.371851	3.815	0.5395224740453358	4.226999999999999	0.5977880728151073	11003.0	1427.5966692311943	17059.0	1920.3755934712356	12025.0	1427.0405775590266	17132.0	1744.8067514770798	34191.0	3452.9212588763157	50096.0	5059.159329374793	72293.0	7549.685721273436	91693.0	11382.929653213185	127510.0	16800.94047962792	150110.0	21228.75978478253	135280.0	15005.5267485017	108850.0	15943.830311440222	259850.00000000003	101705.50194065216	nan	nan	nan	nan	nan	nan	nan	nan
