id	best.stellar.m_star	bayes.stellar.m_star	bayes.stellar.m_star_err	best.reduced_chi_square	best.sfh.age_main	best.sfh.tau_main	bayes.agn.luminosity	bayes.agn.fracAGN	bayes.agn.luminosity_err	bayes.agn.fracAGN_err	redshift
2563	1943878078219445.2	4249860231479798.5	1767622860363362.8	7.782284098937326	500.0	200.0	4.0281081742017996e+42	0.14157839757410973	2.5799821325630887e+42	0.08130393386105515	0.3047622
4159	2495060979501241.5	3053243756676029.5	1247776008743299.5	4.636050450970536	500.0	200.0	8.196575270243762e+42	0.10581663355854848	1.926314275897762e+42	0.04149283958442344	0.3444124
4409	3847632309319695.0	4637641557196167.0	1017745341124705.6	8.586950289967191	1000.0	200.0	3.0839649609177134e+42	0.1609583772872229	2.0904026545497787e+42	0.09363912739594829	0.2551668
3388	4084082938419505.0	3565001834173927.5	1075354688857098.6	9.156857023166323	500.0	200.0	7.43775729357079e+42	0.10191718785496351	1.2532131343079707e+42	0.019718756915252895	0.3938024
4739	4112456061063118.0	2239984815799918.2	1386412177988724.2	8.910528541601618	7000.0	1000.0	4.221108106418079e+42	0.5395900962176735	3.5487567375170074e+41	0.2001206245297168	0.1531503
492	5062341541769703.0	5466134914564963.0	685295515544422.2	11.517483542914862	1000.0	200.0	2.1670134681439423e+42	0.100000036976194	3.200395211528111e+41	8.599557077066418e-05	0.181
3979	5085347872374778.0	6284063463130890.0	3121156703097856.0	7.554851795807902	1000.0	10000.0	2.366484928699124e+43	0.10035591625515618	1.6172405888604292e+42	0.008432386672482197	0.3897249
4951	5131182378352208.0	6946164184545325.0	1699770968667472.0	5.06793488150997	1000.0	200.0	6.523425713112656e+42	0.19712260648016378	3.658233315613784e+42	0.10004641348731377	0.4132244
5178	5328748696956144.0	6447415830541113.0	4629857796634913.0	10.678711904853682	1000.0	5000.0	2.189194436273029e+43	0.10001108876519396	2.331655376713948e+42	0.001489170936490863	0.7351
4029	5638098048213470.0	6281153163863801.0	888799703709875.8	6.0843737022615505	1000.0	10000.0	3.014403440217758e+43	0.09999999999999987	1.5072017201088793e+42	1.4419931670130267e-10	0.43569684
425	5649153876866125.0	6512093373967720.0	1258880071480977.8	9.487632875580521	1000.0	10000.0	2.9643185755825855e+43	0.10000000000000465	1.4821592877912927e+42	3.065014679484194e-08	0.3751061
2850	5704517775604668.0	7532495007698895.0	1695843493080417.2	8.439096151956365	500.0	200.0	5.683638901527428e+42	0.10000018782479893	5.582788590434292e+41	0.00019396102882512087	0.3549812
5005	5755087563472758.0	3855828209758487.0	3345459679442150.0	7.605402135934302	500.0	200.0	1.7685631330926202e+43	0.25442967644244613	3.512665256515234e+42	0.21500416797846233	0.4055346
4602	5774613857917012.0	7080821942956006.0	1043521326606559.1	7.217807995563164	1000.0	500.0	3.49621053816631e+42	0.10000006677685132	3.1559041412741925e+41	0.0001155654666055865	0.1662703
4692	6338759585024750.0	9526084103897850.0	3272593299755393.0	8.927957382460486	500.0	200.0	2.9370028070589403e+43	0.10000000000002192	1.9387937609072697e+42	6.625282570729451e-08	0.7545668
4054	6512654387493479.0	6688872724983267.0	2781722620003057.0	11.113181521543604	1000.0	10000.0	9.190554744313312e+42	0.10083764001512972	2.936329273311097e+42	0.013562149488232152	0.5842586
3909	6979864966154543.0	7495179317685319.0	2187073163467927.2	8.519549213179827	3000.0	7000.0	9.80171625771358e+42	0.23130926097440577	2.845767807254566e+42	0.09839604938402431	0.3701844
2471	7160958913932708.0	1.1246788062866992e+16	4996880844151637.0	6.184140591450755	500.0	200.0	2.8846710233464823e+43	0.10000000000010348	2.4613533482209064e+42	1.4388336868137356e-07	0.3996459
2832	7922958084307468.0	7874305205065136.0	427484105211019.44	9.904465293361673	1000.0	200.0	1.700052922461581e+42	0.10729220754465987	7.682049149760962e+41	0.037486867274737455	0.2273879
3966	9075897632573476.0	8991171929386471.0	3425022251139107.5	8.26665124402468	1000.0	200.0	1.3469032180042635e+43	0.11613431736288914	2.7784241713466956e+42	0.055024025645059024	0.3546876
3976	1.0746534976428992e+16	1.0774697536063654e+16	1174195442470203.8	6.620406849735628	1000.0	200.0	3.2305773274398514e+42	0.11820542881768019	1.8079668477432818e+42	0.05752954132530993	0.1210506
57494	1.1522290095469428e+16	1.163481391728374e+16	1310157275861010.5	9.442762394042605	1000.0	200.0	3.2896654999803243e+42	0.12410573004599415	2.0647171610599414e+42	0.06511574954611066	0.255
3939	1.1651474951906794e+16	1.4575124553450488e+16	3029068707551421.5	9.011940577475507	1000.0	200.0	2.2179099929842782e+43	0.10020004655236514	1.3830735675432018e+42	0.0063221422853250485	0.2672159
5087	1.185284931968813e+16	1.3025224614704198e+16	1825499692642946.5	8.139044252757058	1000.0	200.0	5.991110562348246e+42	0.10000132791995159	9.811512228548221e+41	0.0005153486801868361	0.3893034
2442	1.253064651109032e+16	1.3884209808194604e+16	1587924701478294.8	16.39238973187925	2000.0	2000.0	2.9588851696032377e+43	0.09999999999999996	1.497828650111241e+42	9.259723987429544e-10	0.4822131
2463	1.2608564193637058e+16	1.1163833223907974e+16	1638869291962150.2	9.313433469368576	1000.0	200.0	4.585082507821534e+42	0.10000003450767297	5.1699906806264825e+41	8.307546861450534e-05	0.3790446
3757	1.2713876682249252e+16	1.2658175483786146e+16	632908774189307.4	12.399545163753624	1000.0	200.0	9.334346650293691e+42	0.29999998788360377	4.667173325146846e+41	4.9226812851010025e-05	0.09009204
2598	1.2732902323645014e+16	1.4345645005383156e+16	3374514461813797.0	8.3465504178867	1000.0	200.0	1.4029691786111578e+43	0.1000013837483131	8.344329428519497e+41	0.0005261356363629356	0.3608
4139	1.2926444280327916e+16	1.5247979731340278e+16	3580942153272132.5	5.2842844726211275	1000.0	200.0	2.3339184617338106e+43	0.10003138365485598	1.628857960922618e+42	0.002505143915512154	0.3510128
2886	1.3122782758513772e+16	1.417540739447826e+16	2106082049629520.8	9.30653591483513	1000.0	200.0	1.6143736282448695e+43	0.29986600375924427	9.555463380962767e+41	0.010956518295926594	0.4184893
3647	1.3679433509621662e+16	1.496881862096599e+16	2976267115997136.5	7.555403096667064	1000.0	200.0	7.501498085337546e+42	0.10000369659771262	8.618941369449501e+41	0.0008598433846267217	0.3405867
2803	1.3904664406909472e+16	1.2656233354525146e+16	3650975500876858.0	6.289915152515506	1000.0	200.0	2.5284963172927174e+43	0.10000000000000007	1.2642481586463588e+42	4.5786506045263285e-09	0.2558845
5135	1.415153889291624e+16	1.4873611375829732e+16	2534211260840728.0	10.669920894047209	1000.0	200.0	3.5184380210685084e+42	0.1098614512740429	1.1570563248717578e+42	0.04330175554845752	0.1725541
4028	1.5011091080848626e+16	1.4808970464652474e+16	740448523232623.8	6.289755852990629	1000.0	200.0	2.884668995653785e+42	0.1000000053515679	1.5822451365816789e+41	3.271564686886703e-05	0.3929791
3232	1.526580515882892e+16	1.5422507241556786e+16	4340695675937970.5	8.01410921673707	1000.0	200.0	1.3338119589421794e+43	0.10000136292960425	1.8855488131323954e+42	0.0005222691395938064	0.4127136
89316	1.5832110347435426e+16	1.6582558398711084e+16	1779747457712042.5	12.629374590241268	1000.0	200.0	3.1527404918366014e+43	0.10000000000036045	1.576370245918301e+42	2.6851844552616606e-07	0.3428358
434	1.590096797975712e+16	1.6779816144353272e+16	1555177386289477.5	15.996490489458731	2000.0	1000.0	2.4314674852521527e+43	0.10000000000000137	1.2157337426260764e+42	1.6411047711367127e-08	0.3136635
4833	1.6033523405518576e+16	1.5363225451028738e+16	2482577384994649.0	9.352995013227977	1000.0	200.0	1.3414361848408285e+43	0.10000000000774935	2.3983453637343702e+42	1.2449376195416195e-06	0.4013355
50025	1.6707935433354404e+16	2.0632644412230664e+16	4058345287664688.0	8.497339376309702	2000.0	1000.0	6.019540043758273e+42	0.1000009084964313	9.020739970405045e+41	0.0004262624022191581	0.415
3335	1.6714194254624456e+16	1.680477834658257e+16	1944121065442949.8	8.750861586640193	1000.0	200.0	4.985588715610727e+42	0.1201739034202669	2.4689393503444186e+42	0.06023117388825279	0.2415337
2675	1.7195401725955006e+16	1.7661481990649472e+16	1330657075907389.8	14.045177400046637	3000.0	10000.0	3.191301244048983e+43	0.09999999999999999	1.5956506220244915e+42	1.9414643680046377e-10	0.4218133
4957	1.7463483850394228e+16	1.6281660154310034e+16	1756170761472406.8	9.378831905430674	1000.0	200.0	3.9989484212804404e+42	0.1000000003160637	1.0045344570395114e+42	7.950644268754704e-06	0.4008409
3015	1.762218280051244e+16	1.7697452642481006e+16	1214793813963011.8	8.675769902844786	1000.0	200.0	3.4287820595875956e+42	0.10000744218161524	2.773593507418573e+41	0.0012199921872622567	0.2801454
3092	1.8209462947811824e+16	1.8232958356095884e+16	1801945490893823.5	7.579257195665719	2000.0	200.0	1.3951105293089753e+43	0.2995105450748395	6.975552646544877e+41	0.009881873330579178	0.1963534
2878	1.8343905334415892e+16	1.6984315018134842e+16	5622369461410540.0	8.603139521005486	2000.0	200.0	1.1130197018977572e+43	0.11924645403645641	3.3171095091731195e+42	0.062229574331804705	0.4084936
4799	1.847343417890332e+16	2.0845095684854852e+16	6026761529327385.0	8.085448459673321	1000.0	200.0	2.330850912789691e+43	0.10000000000070726	3.34281652766405e+42	3.761147251814395e-07	0.5408
129884	1.8508881357638684e+16	2.0590372516131544e+16	2775711989374980.0	8.574204868259823	1000.0	200.0	2.019781927823515e+43	0.1000002436183544	1.0098909639117575e+42	0.0002207342554613011	0.371851
4387	1.886072210011456e+16	1.964238667533334e+16	4054417962834342.5	7.965737090363218	5000.0	5000.0	4.357677889204677e+42	0.10344121836319399	1.2429252227911727e+42	0.026007727027853693	0.2783752
3744	1.9163707694154436e+16	2.3095957768600428e+16	5008493832540800.0	20.260015348209176	1000.0	200.0	2.97222469724993e+43	0.1000000000000002	1.5778538085888e+42	5.391130167834936e-09	0.75814754
3884	1.971486761473464e+16	2.109575929038871e+16	3067842888653119.0	8.024505770001324	1000.0	200.0	4.03334040584384e+42	0.10000000301187233	5.056880332579776e+41	2.4543320642636745e-05	0.3489088
2971	2.042937975924362e+16	2.206436080565708e+16	3937321532855072.5	9.108324369250255	1000.0	500.0	1.422210660387975e+43	0.10000000000114248	1.471083255526424e+42	4.780199083144586e-07	0.5729884
3131	2.070591081137425e+16	2.051877407406746e+16	1025938703703373.0	11.254575898190518	1000.0	200.0	1.3776847462342105e+43	0.10000000000000002	6.888423731171053e+41	1.6547044705113067e-09	0.2360936
5172	2.07330081984573e+16	2.4325440058079996e+16	6461137081730990.0	9.550805676115585	1000.0	200.0	8.033424821449172e+42	0.1000025040043311	1.448142311955342e+42	0.0007076684225183563	0.3048261
2388	2.0735111184502216e+16	2.253527575840188e+16	5407703859910330.0	6.276002212909767	2000.0	5000.0	2.528509806084846e+43	0.09999999999999995	2.033483759644284e+42	2.975414414388705e-09	0.5424306
4557	2.0928096875355216e+16	2.7692055420920572e+16	7088787803865118.0	24.92053162857513	1000.0	200.0	2.960494629618149e+43	0.09999999999999996	1.5213050169794755e+42	1.2280102976087233e-11	0.4923993
3312	2.098695554840147e+16	2.2922085209741892e+16	7412287294598491.0	8.843394083519536	1000.0	200.0	2.404119372002162e+43	0.1	1.976592267983574e+42	2.1338357637272732e-09	0.43946654
4334	2.1282631746415812e+16	2.103145460040279e+16	1051572730020139.6	8.922335376420456	1000.0	200.0	4.1090413803205955e+42	0.1000000000000588	2.48190174316595e+41	1.0851743304299823e-07	0.3833333
2846	2.1300917214052136e+16	2.084054259989787e+16	1042027129994893.6	11.827433924484666	1000.0	200.0	4.282908475984973e+42	0.10000000007374396	3.023827103748587e+41	3.840417529097225e-06	0.2469042
3936	2.14280127394618e+16	2.287603280580782e+16	6889993451684678.0	8.593215277241333	2000.0	200.0	6.63533190573906e+42	0.2435662083872361	2.7329196001077077e+42	0.15274041730046795	0.3485558
4747	2.151709854363696e+16	2.532272840496784e+16	4488352782147376.5	12.411806222521722	2000.0	2000.0	1.5094925261703624e+43	0.10000000166073478	1.6390885122354155e+42	1.8224899229708027e-05	0.3591214
42255	2.1608163915041176e+16	1.6048296703359824e+16	5679848358587306.0	8.9836217127815	5000.0	500.0	2.830032340071469e+43	0.1000000004035882	2.0922068030279995e+42	8.984299181338521e-06	0.6914128
3739	2.1845240981723016e+16	2.1578144150519452e+16	1078907207525972.6	6.278204253096137	1000.0	200.0	4.160654168647853e+42	0.09999999999999999	2.0803270843239266e+41	2.3725523821123363e-13	0.196
4214	2.21524411658857e+16	2.2111875305769716e+16	1105593765288485.9	5.556061679820815	1000.0	200.0	1.5673985703435258e+43	0.10000000000000002	7.836992851717629e+41	5.840263359772254e-10	0.2319613
129887	2.2834874578986444e+16	2.263985626633181e+16	6344482751592691.0	8.315705655332948	1000.0	200.0	1.2757653423600595e+43	0.10000115338096466	2.5785497750633048e+42	0.0004802865467833449	0.3693992
3851	2.292756971772391e+16	2.314934720296267e+16	1157467360148133.8	9.449482472515518	1000.0	200.0	2.2519632286828605e+43	0.10000000000000213	1.1259816143414303e+42	2.101172458088586e-08	0.2166202
3982	2.294397854971886e+16	2.297918724516795e+16	4070788474546465.0	4.751703055258361	3000.0	1000.0	2.0529280596017886e+43	0.10015310595272282	1.0264640298008943e+42	0.005558536466588584	0.3884351
4053	2.3311290751271e+16	3.3927842322396304e+16	6991746777536819.0	8.50595025379423	1000.0	200.0	7.50851844219796e+42	0.10000000930288427	1.1783639928444174e+42	4.313440358084545e-05	0.2535338
4804	2.383129926204462e+16	3.561723169374865e+16	6022522751070668.0	7.859107088842018	1000.0	200.0	9.449356237528045e+42	0.10000000000121902	1.8544041205675174e+42	4.937652519317849e-07	0.4863
3708	2.401380655996622e+16	2.467303388298496e+16	1294442515419855.2	8.506377263964003	1000.0	200.0	2.0997042702709425e+43	0.10000000000000102	2.0696271578027755e+42	1.4688916764978457e-08	0.3677784
3053	2.5081776504132644e+16	2.466543252491985e+16	1755194710121995.5	8.013181751123604	1000.0	200.0	1.826944078024411e+43	0.10000000000005618	2.79984979508627e+42	1.060681238144721e-07	0.3330668
4278	2.5133748342410396e+16	2.4738597996055156e+16	1236929899802757.8	9.159744743965698	1000.0	200.0	4.8718918772594784e+42	0.10000000000000037	3.1925949924199013e+41	9.07484861235125e-09	0.406523
2387	2.5194696446145828e+16	2.5358618850738384e+16	1267930942536919.2	10.051441865020536	1000.0	200.0	2.354226001603018e+43	0.09999999999999995	1.1771130008015091e+42	1.0977752513865069e-12	0.3615238
2906	2.5329958971530876e+16	2.700909844909449e+16	2198239796824066.5	13.195159497904587	3000.0	2000.0	3.2572113869058567e+43	0.09999999999999999	1.6286056934529285e+42	8.278299893423275e-13	0.2638035
4838	2.5366678516256144e+16	2.5284661297093244e+16	1264233064854662.2	11.455836367384345	1000.0	200.0	1.2902408481515617e+43	0.10000000000000084	8.398643083309657e+41	1.2854786877409393e-08	0.3515754
4276	2.565728514647673e+16	2.3635338679758616e+16	3335676582064542.5	9.441648781085608	2000.0	500.0	3.923720702719323e+42	0.10022627838574319	2.9092846257562533e+41	0.006723427343311495	0.3038754
3799	2.5823605027239492e+16	2.5781105241311196e+16	1289055262065559.8	6.862088289691475	1000.0	200.0	8.235134207485527e+42	0.0999999999999999	4.117567103742764e+41	2.6253057839255426e-10	0.1491951
4467	2.631268530611353e+16	2.598193975917092e+16	1299096987958546.0	8.41815854010016	1000.0	200.0	5.103897484549531e+42	0.10000000000000561	3.5786965471599105e+41	3.337500486128917e-08	0.4175417
2753	2.6555881587172804e+16	2.554055900114768e+16	4101582385880895.0	9.348129970793353	2000.0	500.0	4.1310919428681575e+42	0.10000568866895344	3.4501882229675857e+41	0.001066630877934442	0.4168555
2873	2.689157780062999e+16	2.3236745098215852e+16	5354395400415149.0	9.438386060148446	2000.0	200.0	1.7624829928590681e+43	0.10011011331599286	3.9170751711167556e+42	0.004691539188295971	0.2031483
521	2.7218831915566136e+16	2.752526894469211e+16	1376263447234605.8	8.852218336745237	1000.0	200.0	6.731910713387517e+42	0.1000000000050627	1.1405380364556622e+42	1.0062513484170194e-06	0.1739652
3763	2.745792235763945e+16	2.75612797911012e+16	1378063989555060.0	9.46807858956663	1000.0	200.0	2.4519594598204934e+43	0.09999999999999999	1.2259797299102468e+42	2.2828060633529205e-14	0.180766
5089	2.749485352149334e+16	2.752231259168813e+16	1376115629584406.5	10.596259380317358	1000.0	200.0	2.4403327049374854e+43	0.09999999999999991	1.2201663524687427e+42	3.706040542438371e-11	0.25263
2960	2.7954078622225344e+16	2.9946338380547816e+16	1511911999213599.0	8.111107367722441	1000.0	200.0	7.934787583884584e+42	0.10000000103200797	2.066771335833677e+42	1.4366683525479572e-05	0.2704132
3029	2.8766822689768056e+16	2.8034755366700852e+16	1401737768335042.8	6.860690441969207	1000.0	200.0	5.701469845075637e+42	0.10000000000000002	4.8654270956647906e+41	3.6923204540873345e-12	0.2453678
4630	2.9192549340896556e+16	2.874522858981692e+16	9207666609175746.0	18.01553963258262	3000.0	2000.0	2.836851951542881e+43	0.10000000000000002	2.7999063468917956e+42	2.8632982111563995e-10	0.5741829
3626	2.930090404481334e+16	3.609207937935041e+16	1.316530277403706e+16	9.212354959758732	2000.0	500.0	4.5700347847819415e+42	0.10003383499210085	4.751110811174927e+41	0.002601125451313869	0.3627873
4898	2.9413100241820676e+16	3.0038394698862644e+16	1756820054109054.8	9.547145824084522	1000.0	200.0	6.571742879565346e+42	0.10000001556212287	5.288004131908511e+41	5.57891060520382e-05	0.2813012
4174	2.9498846864742828e+16	2.9673974847147096e+16	1727672238428825.8	16.141795461135196	5000.0	7000.0	3.1774943949581123e+43	0.1	1.588747197479056e+42	2.1049001122751688e-10	0.5231792
5031	3.0022226798964216e+16	2.9747233092587424e+16	1487361654629371.2	8.65960095650361	1000.0	200.0	5.847392159080734e+42	0.10000000000000124	4.1776594577517646e+41	1.5969879925785354e-08	0.3660031
2935	3.0310042313833692e+16	3.05450604294975e+16	1527253021474875.0	14.302777356893248	1000.0	200.0	2.998031811954631e+43	0.1	1.4990159059773155e+42	4.632709253223049e-13	0.4470657
4758	3.047305560660024e+16	3.1394065956991336e+16	1569703297849567.0	10.804411392049891	1000.0	200.0	2.907678647148482e+43	0.09999999999999996	1.4538393235742413e+42	4.5189195723719934e-13	0.3884065
3305	3.05008184483921e+16	2.696836718861875e+16	4021441453039428.5	13.431157859612457	1000.0	200.0	2.443393795166616e+43	0.09999999999999999	2.8969524815179956e+42	5.499736849527091e-12	0.4583091
4060	3.072924928260667e+16	3.4420798235980504e+16	6162772715409982.0	13.888214261774634	1000.0	200.0	3.0789934943454206e+43	0.09999999999999999	1.5394967471727105e+42	5.414836395573509e-12	0.5230534
3628	3.0908679060496604e+16	3.1751880091040544e+16	2306584063869059.0	10.878494161152732	1000.0	200.0	2.5794202520006894e+43	0.1	2.5151642435118422e+42	7.75267727599618e-11	0.4483
4290	3.1092871382169972e+16	3.1603570241822076e+16	1580178512091104.0	7.87842451821106	1000.0	200.0	1.8224157188961994e+43	0.0999999999999998	1.0538568837454485e+42	1.7809968945569297e-09	0.3428586
2673	3.1257046611472228e+16	3.569172413921767e+16	5519269507445499.0	8.270152442503203	1000.0	200.0	1.800675990404294e+43	0.10000000004084338	1.3279036493394934e+42	2.8580905900578292e-06	0.4239
4437	3.179214124926759e+16	3.3851503278729296e+16	6118627067957724.0	9.281176506940623	1000.0	200.0	7.409729420466585e+42	0.10000037003182495	1.2664752568317856e+42	0.00027204085737612206	0.3128871
129885	3.198040821990951e+16	3.3215886404769364e+16	2948264399848084.0	7.558162136735919	1000.0	200.0	1.7807837030765768e+43	0.1000000021721691	9.451743357115366e+41	2.0843075968308108e-05	0.383978
4623	3.2086077508235148e+16	3.61915803614111e+16	6182652137143667.0	4.586587301024239	2000.0	1000.0	1.2248133145092766e+43	0.10000000001900027	1.4653137842688824e+42	1.949380162742597e-06	0.4033795
4918	3.2369161737124148e+16	3.263713357576633e+16	2041199397418433.5	10.181626828237654	1000.0	200.0	2.8702232167799395e+43	0.09999999999999996	2.4785365275025383e+42	2.293658536011876e-12	0.7152544
129821	3.2401983668366828e+16	3.2529172875262296e+16	1626458643763115.0	17.25918944600394	1000.0	200.0	3.0276071697959296e+43	0.1	1.513803584897965e+42	2.0405838876343114e-13	0.66
2635	3.249856039335211e+16	3.2425193345156244e+16	2644396855462491.5	8.936428002059307	1000.0	200.0	8.006272056394017e+42	0.1000000052476145	1.954309150147681e+42	3.239634048889431e-05	0.348654
3783	3.323761912239968e+16	2.9684403702983996e+16	5656974991113718.0	7.309553798090876	2000.0	500.0	2.4639385861841406e+43	0.10000001246748258	1.8617615042381337e+42	4.9934921255727235e-05	0.3496363
4422	3.324456409224415e+16	3.69106599442168e+16	3745430552293903.0	9.1726495906282	1000.0	200.0	1.1991648193145929e+43	0.09999999999999999	3.093384073788533e+42	6.15156534649924e-11	0.3486332
4295	3.3534195682679236e+16	3.775255832141242e+16	1.0220666889719566e+16	8.24189061841874	1000.0	200.0	1.2256859319512068e+43	0.10000502733204521	2.7769165077384576e+42	0.0010027168767854922	0.3034259
129876	3.3560384319884804e+16	3.4017534092595372e+16	2722099664146870.0	10.808743207435311	1000.0	200.0	6.494856876773123e+42	0.10000000000000066	4.103295634299339e+41	1.1848518209853464e-08	0.3643478
4418	3.3574028676702556e+16	3.390266590353743e+16	1695133295176871.8	11.423859634410512	1000.0	200.0	8.437239894631234e+42	0.10000000000000075	8.179047161035038e+41	1.2357966785747187e-08	0.1970301
4696	3.360149250402786e+16	3.509854672862833e+16	3916187250862730.5	8.675667322625722	1000.0	200.0	6.6889715166704e+42	0.1000000000000044	5.612391981227666e+41	3.01904619611823e-08	0.3798221
3354	3.38166038250569e+16	3.3936168283285356e+16	1696808414164268.0	8.05560643456403	1000.0	200.0	2.0057172570181913e+43	0.10000000000000002	1.0028586285090958e+42	1.1278687399065947e-09	0.4422374
3487	3.4185733403606024e+16	2.2687410295489544e+16	6981868693351270.0	6.2092906049797945	5000.0	200.0	2.470063901189207e+43	0.10010538242527832	1.2350319505946036e+42	0.004594073311120262	0.5936148
4378	3.4294734022345692e+16	3.675216421286757e+16	3984492853027143.0	11.03116546159958	1000.0	200.0	3.07620967811665e+43	0.10000000000000003	1.538104839058325e+42	2.7959250967950063e-17	0.566886
3398	3.4315099498084404e+16	4.413117912318642e+16	1.3022002883440208e+16	13.235537721414719	2000.0	200.0	1.7300680996562155e+43	0.10000003710809499	3.9053001666099234e+42	8.614881094218983e-05	0.1804971
2831	3.471212733432235e+16	3.429698751621596e+16	1714849375810798.0	9.791578728362516	1000.0	200.0	1.6365369403723042e+43	0.09999999999999994	8.182684701861521e+41	3.0988619283194623e-13	0.3144055
4424	3.474909624240211e+16	3.4435136954235852e+16	1721756847711792.8	8.323353236217097	1000.0	200.0	1.5933390289269044e+43	0.10000000000000249	9.23390532595641e+41	2.2906901345287564e-08	0.3280639
4034	3.4947382121455124e+16	3.5437848889961096e+16	1771892444498055.0	10.322244698527006	2000.0	200.0	3.5684262520809683e+42	0.10041077782546731	4.970165670517169e+41	0.009054657733541183	0.2394725
4112	3.5291215446500748e+16	3.5334650549778412e+16	1766732527488920.8	20.777605114903317	1000.0	200.0	3.1503839362233635e+43	0.10000000000000005	1.5751919681116818e+42	5.1030263274910646e-11	0.93405956
5025	3.5331137512018316e+16	4.436264285213584e+16	9960412731858118.0	8.451344366976107	1000.0	200.0	1.296974536762757e+43	0.10000366542613469	2.4926507871414566e+42	0.0008561961174925956	0.5815998
3914	3.5487620022710464e+16	3.5924590133059692e+16	1914962093954233.5	11.217137826501533	1000.0	200.0	3.153768599138899e+43	0.09999999999999998	1.5768842995694494e+42	1.0671856235446858e-14	0.5936148
4264	3.55640157841789e+16	3.868051346096927e+16	5882034108355607.0	11.039225068912222	1000.0	200.0	7.213916988067295e+42	0.10000000001080118	7.135271777658696e+41	1.469771145140803e-06	0.3825634
2700	3.5930505161388756e+16	3.745617343875592e+16	4757185802045154.0	7.8232630531397325	3000.0	500.0	5.987416901866932e+42	0.23633307947191426	2.4159218551113058e+42	0.09316841809802084	0.277063
2667	3.596239194985188e+16	2.5171103176138052e+16	8381078927931884.0	8.463524666285833	7000.0	2000.0	1.4142615420810907e+43	0.14603441619038396	1.773382147876901e+42	0.08420258030939468	0.1100022
4636	3.618283906631797e+16	3.621796595853375e+16	1810898297926687.8	26.990921254019707	1000.0	200.0	2.6162967153938316e+43	0.10000000000000002	1.3081483576969158e+42	1.396053238315216e-17	0.1456756
2840	3.623496482041997e+16	3.9459622824989384e+16	5329324379006602.0	6.214983902631641	1000.0	200.0	7.483065335777709e+42	0.10000000000001409	9.107337377778475e+41	5.318021599759919e-08	0.3961475
3264	3.650389639866006e+16	3.692276999172412e+16	5257693032212761.0	8.446604694643868	1000.0	200.0	1.7374843357125662e+43	0.10000000001274063	1.7306335571164284e+42	1.596288168277856e-06	0.3667806
4456	3.652411493738896e+16	3.622834837442687e+16	1811417418721343.8	7.679852689117113	1000.0	200.0	1.7078106536293337e+43	0.10000000000000002	8.539053268146668e+41	1.5757315124685353e-09	0.3914874
3106	3.6574983573734264e+16	3.6780076546688024e+16	1839003827334401.2	8.813529784158131	1000.0	200.0	1.7860390071048582e+43	0.09999999999999994	8.930195035524291e+41	4.122500416404743e-10	0.43
4991	3.70808016125784e+16	3.683791823089469e+16	2620916900881245.5	8.751431078384323	1000.0	200.0	7.623461852171623e+42	0.09999999999999999	5.844080192006055e+41	1.035272144318826e-09	0.4060406
5151	3.753908735218742e+16	3.718832528191738e+16	2121424376116946.5	21.21134750653389	7000.0	10000.0	3.062058377834547e+43	0.1	1.5310291889172737e+42	1.156211246954629e-13	0.3352501
4007	3.755971580131397e+16	3.68490850074829e+16	1842454250374145.0	9.436853480079192	2000.0	200.0	6.479123881246121e+42	0.1000000118962147	7.230564349060378e+41	4.877748246928884e-05	0.2276
2782	3.764005775540776e+16	3.186949745640875e+16	6898692363545150.0	7.04050914261513	3000.0	500.0	9.983490172774303e+42	0.14090662547347796	2.9633859794046505e+42	0.08067256961162156	0.2755461
3504	3.797711150998402e+16	4.513833597289014e+16	8168825456331036.0	8.796011758977782	2000.0	500.0	1.266639576549996e+43	0.10020022447006681	2.539475053064972e+42	0.00632493511231292	0.3638278
2390	3.809620391983584e+16	3.850545525382423e+16	1925272762691211.8	10.405713649498008	1000.0	200.0	2.6719068099948387e+43	0.09999999999999999	1.3359534049974194e+42	1.3878273213329575e-17	0.19587
5142	3.835843405804632e+16	3.973545928939915e+16	6115155419703422.0	10.977051693798746	1000.0	200.0	1.713060331988801e+43	0.09999999999999988	4.7097744427893137e+42	1.9876621720576646e-10	0.4247346
4407	3.843405313699653e+16	3.868707895764659e+16	3048213462897424.0	21.4469841710108	3000.0	10000.0	2.300437920464478e+43	0.1	1.150218960232239e+42	1.572217364404969e-17	0.3009952
4781	3.84504087908562e+16	3.801591080037689e+16	1900795540018844.5	9.369957657511543	1000.0	200.0	7.704174272740376e+42	0.10000000000019929	8.220576842521513e+41	1.9965890326593073e-07	0.5936148
506	3.848379245779121e+16	3.92314112225001e+16	2918600812694313.0	11.579391340183252	1000.0	200.0	2.759929749111588e+43	0.10000000000000002	1.379964874555794e+42	1.656627541269548e-17	0.4272143
5093	3.9167664119372184e+16	3.9472132425979736e+16	2490954500800245.0	13.180907054372426	1000.0	200.0	2.824072099325824e+43	0.10000000000000003	1.412036049662912e+42	1.9644105168268694e-17	0.5997992
3996	3.923516884777781e+16	3.813016701395373e+16	1906508350697686.5	7.7363181735495345	1000.0	200.0	2.3588132290631925e+43	0.09999999999999998	1.1794066145315962e+42	2.777842582313816e-17	0.2986252
2731	3.9604003930039736e+16	4.0039097795245256e+16	2001954889762263.0	11.368725819823002	1000.0	200.0	2.7025545548822793e+43	0.09999999999999996	1.3512772774411397e+42	4.1633449142619505e-17	0.3653947
5185	4.020921919839558e+16	5.1405331494992344e+16	2.1492055025600196e+16	18.682800161914212	1000.0	200.0	2.7664139347822693e+43	0.10000000000000028	2.114004462495956e+42	1.0607283224259688e-08	0.7361717
5041	4.090644446358662e+16	4.0908034666304696e+16	2045401733315235.0	21.142089390873505	1000.0	200.0	2.847515801201277e+43	0.09999999999999996	1.4237579006006387e+42	9.090611297492223e-14	0.8345959
2525	4.093054158421602e+16	4.022491330474611e+16	2011245665237305.8	10.606923323844923	1000.0	200.0	8.267754725269703e+42	0.1000000000000001	9.58112471795873e+41	4.234298566916787e-09	0.3748477
2948	4.1129808631413496e+16	3.923103698126193e+16	8354381591815055.0	8.89384824020893	2000.0	500.0	2.1430205796707813e+43	0.10000000000513157	2.0803043268662588e+42	1.013076932711806e-06	0.4895895
4716	4.1141731094842376e+16	4.114907426970767e+16	2057453713485383.8	21.79070561732229	1000.0	200.0	2.862268453558318e+43	0.09999999999999998	1.4311342267791588e+42	6.6773911994635956e-12	0.884
3872	4.130316743344119e+16	4.161942051201178e+16	3905768681328917.5	10.3193091984008	1000.0	200.0	2.8779439419859887e+43	0.09999999999999998	1.4389719709929943e+42	1.967201647598448e-17	0.3405587
5213	4.168550092389803e+16	4.211616022039152e+16	2105808011019576.0	6.132713362065857	1000.0	200.0	2.8330382663228233e+43	0.10000000000000002	1.4165191331614118e+42	1.3877850324278604e-17	0.5821792
2871	4.174625438276967e+16	4.7237507557180744e+16	7173643966780836.0	4.8295389512439675	1000.0	200.0	1.160729581554377e+43	0.1000000000000218	2.4432285051941022e+42	6.609202225887368e-08	0.5730751
3517	4.18368118301603e+16	4.192873201962105e+16	2096436600981052.5	25.21453336762426	1000.0	200.0	2.8824775341057043e+43	0.10000000000000006	1.4412387670528522e+42	3.5926619941636634e-13	0.5936148
4292	4.193158509232531e+16	4.501858873638643e+16	1.2397579704432642e+16	8.960810536278943	1000.0	200.0	1.664988999837328e+43	0.1000000000000014	4.1311517294776475e+42	1.6850160126613016e-08	0.664885
3116	4.204334379313108e+16	4.313117367984107e+16	9108389217934476.0	9.200954320426225	2000.0	500.0	9.134773579519448e+42	0.10006274112147862	2.185659477501671e+42	0.003541791615469334	0.46
2482	4.232068643264428e+16	5.077362900065081e+16	8427304926253026.0	8.873904157095884	1000.0	200.0	1.997155983370357e+43	0.1	6.623815654843396e+42	9.330013809368934e-17	0.5794078
4039	4.234584739825979e+16	4.316800416953545e+16	6244160312012669.0	8.730841654300978	2000.0	500.0	1.0399964244289901e+43	0.10238763655588039	2.2615730963709743e+42	0.021721567688661854	0.3373564
4853	4.238554711270211e+16	4.323669973498069e+16	2398550991908028.5	9.831238844773976	1000.0	200.0	2.7133025128913505e+43	0.09999999999999999	1.3566512564456754e+42	1.3887580190753445e-17	0.4087361
3912	4.240379515212946e+16	4.793530304603186e+16	4745437071495242.0	4.842685503025202	1000.0	200.0	1.3677267837490864e+43	0.09999999999999992	2.711651182768079e+42	6.132037629371264e-11	0.6624969
4624	4.3050716337503576e+16	4.9827920140336056e+16	9318415500953146.0	4.869890249286555	3000.0	500.0	7.604285232775685e+42	0.16735235134645687	3.7158231926427026e+42	0.09478467292504705	0.5206637
2522	4.308032884286829e+16	4.325105492606724e+16	3038538194986783.5	13.412052419798076	1000.0	200.0	2.6812571776796053e+43	0.09999999999999992	1.3406285888398028e+42	8.32667288503396e-17	0.4185443
2949	4.316343542214631e+16	4.319119149656142e+16	2159559574828071.2	11.659305542568152	1000.0	200.0	2.682670320716155e+43	0.1	1.3413351603580777e+42	2.8894976064380773e-19	0.457299
5028	4.385286342291679e+16	4.478420329004819e+16	7782770949197224.0	10.376206458155279	2000.0	200.0	3.7288400918785123e+42	0.10147255617511652	7.923102585331458e+41	0.01709803536475546	0.3255711
3636	4.414954763423935e+16	4.415063211684805e+16	2207531605842402.5	30.16945383177923	1000.0	200.0	2.7462749815656925e+43	0.09999999999999995	1.3731374907828463e+42	2.5191182947322556e-15	0.569925
4222	4.459114017184681e+16	4.438490331402763e+16	2219245165701381.8	19.68894264847204	2000.0	500.0	3.202818338632947e+43	0.09999999999999999	1.6014091693164736e+42	1.5717993567793635e-16	0.303749
4877	4.5020894961581704e+16	4.50213203555403e+16	2251066017777015.2	11.456463742876508	1000.0	200.0	2.800693064142437e+43	0.1	1.4003465320712186e+42	1.9626157796847357e-17	0.4017538
129802	4.503785345280186e+16	4.322811568605212e+16	7632699811959573.0	8.448239562564435	2000.0	500.0	2.065443978205961e+43	0.1000000000000219	1.5794360903033545e+42	6.632896560431795e-08	0.4232444
4791	4.5348684260382904e+16	4.378955181734935e+16	2189477590867467.8	7.67524561038107	1000.0	200.0	8.990907818625967e+42	0.10000000000000231	6.172359067183472e+41	2.2109809042329604e-08	0.3750168
4449	4.636091922560848e+16	7.654186719425789e+16	2.8599356191397456e+16	11.146256091368231	2000.0	500.0	2.569002850832408e+43	0.10351209582814408	3.262559822670212e+42	0.026269456570754728	0.7468226
4272	4.680274932712264e+16	4.217641412964128e+16	9957653565916748.0	5.660651559535875	2000.0	200.0	2.2668090997880685e+43	0.18013675786484123	4.400708151285379e+42	0.09800740590322772	0.3911264
418	4.7654747582293704e+16	4.8636524539968056e+16	7381629157524688.0	9.359817563011978	1000.0	200.0	1.263652247282279e+43	0.10000000000009811	2.5124514041388358e+42	1.3996673684138863e-07	0.4209863
2925	4.7930033109269784e+16	6.201469273757045e+16	1.1833963759761678e+16	8.49276113396353	1000.0	200.0	2.2262766856377424e+43	0.09999999999999999	2.1783078064126854e+42	7.451471581013651e-17	0.5280803
3291	4.820138551822178e+16	4.707833374161941e+16	2353916687080970.5	9.656681253740114	1000.0	200.0	9.323322161948148e+42	0.0999999999999999	4.661661080974075e+41	6.751956771332945e-12	0.4194
4321	4.851389195444529e+16	4.899935221567428e+16	2515496986356995.0	7.803839031900737	1000.0	200.0	1.1129530378660222e+43	0.10000000000000002	1.3454581797616436e+42	2.691459746738301e-09	0.471599
3318	4.874464665716922e+16	4.903531608100473e+16	2451765804050236.5	8.567034757314056	2000.0	200.0	9.242890196983236e+42	0.2924641024658435	1.1664055455357072e+42	0.038083982921774374	0.2539419
3109	4.950133965482571e+16	5.1564126298700184e+16	1.7345484799385764e+16	12.20821935229177	2000.0	200.0	6.246395224011062e+42	0.12068529501856343	3.061231876329369e+42	0.0609048915956391	0.3983267
2702	4.965244549109759e+16	5.200980528813879e+16	8182937918274520.0	7.939127420965282	1000.0	200.0	2.427204566315029e+43	0.10541392808326257	1.2422605575341386e+42	0.03245727960507141	0.4836612
3854	4.980341199235982e+16	5.014024256224267e+16	2507012128112133.5	9.110790828817224	2000.0	200.0	9.201166861332186e+42	0.2837592956040321	1.655311015739412e+42	0.05462948288164883	0.2396894
4824	5.035213153015136e+16	5.0179204815187704e+16	5314672820225272.0	10.293166716877904	1000.0	200.0	1.377703503665731e+43	0.10000000000000037	2.5063343859791283e+42	1.1844687596200962e-08	0.878522
3603	5.052687859649963e+16	6.558864552876644e+16	1.3170071080531142e+16	21.873203647846175	1000.0	200.0	2.322643849388367e+43	0.09999999999999998	1.4632993255568553e+42	2.2988569781682603e-14	0.6773039
2542	5.05353413967446e+16	5.8758693609980984e+16	1.599486204317699e+16	20.98111131114941	1000.0	200.0	2.2410405263736063e+43	0.10000000000000003	2.82926906338551e+42	4.031270663553943e-17	0.7613664
2379	5.107530690597062e+16	5.148482886136565e+16	2574241443068282.5	28.58524863697956	1000.0	200.0	2.1912458045721145e+43	0.09999999999999999	1.610880163281195e+42	2.5276287781770076e-13	0.663527
4596	5.133791148748819e+16	5.0867217442030664e+16	2543360872101533.5	9.848995670764857	2000.0	200.0	4.797573836466443e+42	0.10407582443731345	9.561392292836809e+41	0.028258671989654587	0.2797543
4591	5.165926732896817e+16	5.808178195446832e+16	6745076158799943.0	9.080762978831144	3000.0	2000.0	2.2743793356508485e+43	0.09999999999999999	1.1371896678254243e+42	9.352149369127562e-17	0.4658644
4019	5.197847145923293e+16	6.420903172243676e+16	1.8005072801830858e+16	7.866726674262925	1000.0	200.0	2.3749322480898406e+43	0.09999999999999996	1.822094963275831e+42	4.512495877812555e-17	0.6570104
3846	5.277225653656792e+16	5.276442562275769e+16	2638221281137884.5	7.783100622761366	1000.0	200.0	1.1893502339068295e+43	0.09999999999999999	5.946751169534148e+41	8.410350125103071e-14	0.3850499
2693	5.279936081744331e+16	5.428538699883878e+16	2714269349941939.5	19.787130274622974	3000.0	2000.0	2.3194762832318487e+43	0.09999999999999994	1.1597381416159245e+42	6.166902451119954e-17	0.3216157
3327	5.3189445128798536e+16	5.328108463542536e+16	2664054231771268.0	32.66545754355034	1000.0	200.0	2.327573675308501e+43	0.10000000000000005	1.1637868376542504e+42	6.062610300433013e-16	0.2383117
5064	5.379968461286383e+16	5.500048220324437e+16	2750024110162218.5	4.573860790921542	1000.0	200.0	1.2782028804544126e+43	0.09999999999999994	1.1846847851727077e+42	9.89540740175822e-16	0.5701151
3557	5.381781151764151e+16	5.3894689227648456e+16	2694734461382423.0	35.571944899140384	1000.0	200.0	2.361471784093915e+43	0.10000000000000003	1.1807358920469576e+42	1.3579962515040158e-15	0.4684244
4488	5.403426219648874e+16	5.4199619504504664e+16	2709980975225233.5	18.388554744171817	1000.0	200.0	2.3690331516581025e+43	0.09999999999999995	1.1845165758290513e+42	4.6161583765176796e-17	0.7214859
4613	5.4122924214659256e+16	5.489975332213382e+16	3894416717311604.0	7.728570031695455	1000.0	200.0	2.350673951509219e+43	0.09999999999999994	1.1753369757546095e+42	5.731006720559318e-17	0.3723877
4442	5.420729269084407e+16	5.4438781521351256e+16	2721939076067563.0	5.517544606504851	1000.0	200.0	1.2129714667863913e+43	0.09999999999999992	6.0648573339319565e+41	4.022246213272344e-13	0.402803
4073	5.429918486839221e+16	5.53582294221938e+16	3629750774220526.5	21.21728416056718	3000.0	2000.0	2.3660027200683393e+43	0.10000000000000002	1.1830013600341696e+42	4.4609415912315886e-15	0.3446624
3547	5.453177790658463e+16	5.425435184408022e+16	6853240346618204.0	6.532705380656843	1000.0	200.0	1.423117153271071e+43	0.0999999999999995	2.589518248319102e+42	9.128695944317072e-11	0.3441546
4544	5.47274150169863e+16	5.512258086263278e+16	2756129043131639.5	10.466584931243128	1000.0	200.0	2.374022132460235e+43	0.09999999999999999	1.1870110662301175e+42	1.3879865519482162e-17	0.5992305
4441	5.477163123119177e+16	5.988628941536101e+16	1.5912825452857776e+16	10.962297587078156	1000.0	200.0	2.4285461208112823e+43	0.10000000000000003	1.689147997313297e+42	2.775532663837835e-17	0.7800174
5139	5.498825774510908e+16	5.7037335045451016e+16	3261160400151983.0	8.860795835726165	1000.0	200.0	2.2854785214164735e+43	0.09999999999999995	2.2737203727287456e+42	5.55188159244079e-17	0.7808984
3921	5.501611881732671e+16	5.536123652725082e+16	6644575802265783.0	21.554763396787074	3000.0	2000.0	2.2775455355447196e+43	0.10000000000000003	1.13877276777236e+42	3.0637895103481473e-17	0.4300475
3555	5.513248025795717e+16	4.212349018213536e+16	1.1435339449494102e+16	11.442724901081979	7000.0	5000.0	9.629448438829689e+42	0.10029094463896743	2.376351100887393e+42	0.007634479400231243	0.678476
5098	5.520084202535735e+16	6.130351989380022e+16	1.2925096725808922e+16	9.005991735464791	2000.0	200.0	8.642431750730827e+42	0.1331213259390563	2.781088893818881e+42	0.07434542995941358	0.3469614
3765	5.53464977677866e+16	6.03085804202465e+16	1.5954237664762432e+16	13.951002129318747	3000.0	2000.0	2.263316470582987e+43	0.09999999999999999	1.7374170527434518e+42	3.057161867083459e-17	0.5192012
3929	5.5628756450321384e+16	5.616758325844549e+16	2808379162922274.5	7.8870082199212	1000.0	200.0	2.405540315065506e+43	0.09999999999999996	1.202770157532753e+42	5.72197663288654e-17	0.5768138
107987	5.589147471066082e+16	5.5990599774437016e+16	2799529988721851.0	26.793375727948785	1000.0	200.0	2.4579310941791055e+43	0.09999999999999995	1.2289655470895528e+42	6.242227832678193e-17	0.59579
3171	5.6054553899563496e+16	5.654813961928515e+16	2827406980964258.0	19.956546392578506	1000.0	200.0	2.4134397251776105e+43	0.09999999999999999	1.2067198625888054e+42	4.2652612472672036e-15	0.331705
3246	5.607135365709591e+16	5.249529933321412e+16	4013842832169518.5	6.312942551951817	1000.0	200.0	1.5841181256016336e+43	0.10029725711254298	1.968659202982377e+42	0.007704742741820259	0.3607495
3492	5.687233033646961e+16	5.722263831823884e+16	2861131915911942.0	12.626547250184215	1000.0	200.0	2.474326829587384e+43	0.09999999999999995	1.237163414793692e+42	3.8930825113317348e-16	0.8832576
2587	5.73128291788928e+16	5.970588754421765e+16	8801447425575944.0	17.196244590231803	1000.0	200.0	2.5254209476191103e+43	0.09999999999999998	1.2627104738095553e+42	1.9673884534743807e-17	0.63995767
5008	5.762562994832611e+16	5.966132515146795e+16	9873202056822254.0	7.908483424016069	5000.0	5000.0	2.0373719045469612e+43	0.09999999999999998	1.1497150398682708e+42	6.409594027704011e-13	0.3931251
3339	5.780636740569948e+16	5.40810776542615e+16	9281942815113644.0	8.495472130864101	2000.0	500.0	1.1615483176217127e+43	0.10000000000644887	1.9736722798138314e+42	1.1356837168716352e-06	0.4995427
2474	5.782189904854913e+16	5.793054200516551e+16	2896527100258276.0	21.008742991666235	1000.0	200.0	2.5309811086638086e+43	0.09999999999999999	1.2654905543319044e+42	2.418005195416057e-17	0.7309
3281	5.790608551468732e+16	5.9095587339553864e+16	1.2768873478167274e+16	11.856504084510409	1000.0	200.0	1.4756829730730901e+43	0.09999999999999992	2.431973111571505e+42	2.7548718401742585e-13	0.7287148
2758	5.8237224787968344e+16	5.705362256792387e+16	2852681128396194.0	10.176507005046052	1000.0	200.0	1.2648229386171634e+43	0.1	6.324114693085817e+41	1.962617676218849e-17	0.3489321
4645	5.837256000498322e+16	5.846306489325338e+16	2923153244662669.0	20.297852036767733	1000.0	200.0	2.562207395749961e+43	0.09999999999999998	1.2811036978749806e+42	2.775655847874286e-17	0.6485031
3241	5.839522911725762e+16	6.173468992741027e+16	1.7835595921315418e+16	16.09348274885277	2000.0	500.0	1.3658681881668886e+43	0.10000084773411828	2.4654590033699878e+42	0.0004117597661323495	0.3729931
5068	5.92307977591664e+16	5.897786002708162e+16	2948893001354081.0	8.633177458352344	1000.0	200.0	1.3363859259947122e+43	0.09999999999999998	1.5495335144651573e+42	4.3984607908707976e-17	0.5778878
3259	5.924162621180876e+16	5.799002317937774e+16	2899501158968887.5	9.202982359179058	1000.0	200.0	1.3122924670455673e+43	0.10000000000000006	7.473669322015322e+41	3.4624341748393203e-15	0.4506
4051	5.9757979950961736e+16	6.052303857275464e+16	3026151928637732.0	7.748112655114632	1000.0	200.0	1.3827629621795006e+43	0.09999999999999992	1.5844426390641745e+42	5.698958501617233e-15	0.512
5043	6.076986432889714e+16	6.084051218714141e+16	3042025609357070.5	19.788302531098154	1000.0	200.0	2.4375260448216725e+43	0.09999999999999998	1.2187630224108364e+42	1.962631141831711e-17	0.6778896
4087	6.1282985272525544e+16	6.342467388749829e+16	1.10039972195298e+16	8.290049217572234	5000.0	5000.0	2.256131303140376e+43	0.09999999999999996	1.144653575696262e+42	3.223421327777964e-17	0.393153
4831	6.14053534785483e+16	6.161244782557259e+16	3080622391278630.0	31.041207301319396	1000.0	200.0	2.3993238090682253e+43	0.09999999999999998	1.1996619045341128e+42	2.4642518246497116e-17	0.7658376
3211	6.163672278427561e+16	6.213681559389435e+16	4521442221027473.0	32.36726230406062	1000.0	200.0	2.4119322927637214e+43	0.09999999999999998	1.2059661463818608e+42	4.713037296297057e-17	0.5770814
2621	6.164676937612169e+16	6.050846626319831e+16	3025423313159916.0	7.629582443013949	2000.0	200.0	7.626807969264243e+42	0.10000000000000002	5.05745526352898e+41	1.3499338249400657e-10	0.2005138
2637	6.1999303506794104e+16	6.222734871048707e+16	3111367435524354.0	15.226596852213383	1000.0	200.0	2.477674914624355e+43	0.10000000000000005	1.2388374573121776e+42	4.1628343758518385e-17	0.5936148
520	6.2427270594760856e+16	5.1685854087187784e+16	1.3992868043416194e+16	9.997122844032758	2000.0	200.0	1.0012569037069692e+43	0.1000000023059577	2.0868744352949568e+42	2.147537045028564e-05	0.31264943
5146	6.2489970902421496e+16	6.2219408276862056e+16	3110970413843103.0	14.210630316488563	1000.0	200.0	1.3530454488339217e+43	0.09999999999999994	6.765227244169609e+41	6.938893919795962e-17	0.4268156
2868	6.257177393143901e+16	8.030245499182843e+16	3.255995519638473e+16	17.631357753443606	1000.0	200.0	1.2158322042720338e+43	0.09999999999999974	1.8108767330471003e+42	4.563313151422976e-15	0.2623699
2536	6.369816074079796e+16	6.2009023153511e+16	3100451157675550.0	10.019863614469823	1000.0	200.0	1.8654604568787555e+43	0.09999999999999992	9.327302284393778e+41	8.326719521631589e-17	0.4166822
3858	6.4123252155991496e+16	6.551253773134377e+16	5421315431080337.0	7.037411266476805	1000.0	200.0	2.049133657264621e+43	0.1	1.0245668286323106e+42	1.165033997961469e-18	0.3224755
4759	6.526582405821288e+16	6.364080247021349e+16	5857529327499320.0	11.87671621994674	1000.0	200.0	1.5820560271659714e+43	0.09999999999999999	3.304286878250618e+42	3.097422461420113e-17	0.5303175
3720	6.599974218908337e+16	6.674286636921713e+16	3337143318460856.5	13.371188250617212	1000.0	200.0	2.1452132832147642e+43	0.09999999999999999	1.0726066416073822e+42	1.3890998076822636e-17	0.5560033
180999	6.658418714291819e+16	6.7572635337471304e+16	3378631766873565.5	34.73942271734663	1000.0	200.0	2.2037225574940111e+43	0.09999999999999984	1.1018612787470056e+42	1.8274939801994557e-16	0.77533156
15296	6.706114693070154e+16	6.834997031469217e+16	3417498515734608.5	16.039965093560095	1000.0	200.0	2.2184623528477995e+43	0.10000000000000002	1.1092311764238999e+42	1.3877808546846103e-17	0.4409238
3304	6.7156749926268424e+16	6.524009272454628e+16	3262004636227314.0	16.834769588221086	1000.0	200.0	1.961303514464514e+43	0.09999999999999995	9.80651757232257e+41	4.395262928599581e-17	0.4202198
3859	6.762350469374327e+16	7.206499774805258e+16	1.1375757882574582e+16	8.519143762129445	3000.0	1000.0	2.1477364203544336e+43	0.09999999999999992	1.7915760077210293e+42	3.241442018189898e-16	0.8162171
3831	6.824034829066856e+16	6.902725516309405e+16	3451362758154702.5	26.97667719132067	1000.0	200.0	2.288227003594147e+43	0.09999999999999996	1.1441135017970736e+42	3.1031676915600855e-17	0.3285886
4881	6.836553048056975e+16	6.915426230895772e+16	3457713115447886.0	12.438287965027538	1000.0	200.0	2.2232865866114258e+43	0.09999999999999996	1.111643293305713e+42	3.1036657652917844e-17	0.5676917
4807	6.848495814072579e+16	6.93337342839546e+16	3466686714197730.0	28.25665557667645	1000.0	200.0	2.270296475901427e+43	0.10000000000000006	1.1351482379507136e+42	5.68642293587753e-17	0.85295475
57498	6.854795065155741e+16	6.29010514568765e+16	1.1425807615346236e+16	22.463455125917676	7000.0	10000.0	2.0107980709976717e+43	0.10000000000000002	1.1242230095690737e+42	3.234937791733265e-14	0.399112
493	6.879492349792562e+16	6.957236043905969e+16	3478618021952984.5	42.2990673165162	1000.0	200.0	2.275931306051079e+43	0.09999999999999999	1.1379656530255396e+42	6.041770853833876e-14	0.5936148
3861	6.8913823728788696e+16	4.9630410679027016e+16	2.4272078456266216e+16	17.733741161560175	7000.0	5000.0	2.2097727286976315e+43	0.10000000000076667	3.3119133491627855e+42	3.915960641337688e-07	0.2889413
5079	6.899709672044146e+16	7.23262290883159e+16	1.2021083871195722e+16	8.985420698671268	2000.0	500.0	1.784031333199134e+43	0.09999999999999996	1.8368467922783648e+42	7.390539376891298e-17	0.6684887
2728	6.9003640164110376e+16	6.950991935512615e+16	3475495967756308.0	24.602346128791673	1000.0	200.0	2.2544094009543534e+43	0.09999999999999991	1.1272047004771768e+42	8.441816921011271e-17	0.342644
5012	6.941252329550624e+16	7.052885300270533e+16	3526442650135266.5	13.912518074183355	1000.0	200.0	2.2991531223775303e+43	0.09999999999999981	1.1495765611887652e+42	1.8094430296897305e-16	0.7303502
180997	6.959511608403355e+16	7.027578362428355e+16	3513789181214178.0	27.400883898795623	1000.0	200.0	2.3224921423607906e+43	0.09999999999999998	1.1612460711803954e+42	2.775558402148617e-17	0.43097648
3296	7.015305237508693e+16	7.076043468310893e+16	3538021734155446.5	34.81760629024781	1000.0	200.0	2.2762508301339677e+43	0.09999999999999996	1.138125415066984e+42	3.103766403278325e-17	0.6991141
2940	7.044264929620538e+16	9.808697328877371e+16	1.5755246397543774e+16	8.80251377180174	2000.0	200.0	1.058562451582151e+43	0.13264483347644057	5.990423106725746e+42	0.07391401452081722	0.4478138
2845	7.069385239155538e+16	6.797925936493224e+16	3398962968246612.0	13.395017143607127	1000.0	200.0	2.1442975585477752e+43	0.09999999999999995	1.0721487792738877e+42	5.551119917038104e-17	0.4516522
3209	7.119395407802576e+16	7.205400959468477e+16	3602700479734238.5	38.288242781257644	1000.0	200.0	2.247806987738485e+43	0.10000000000000005	1.1239034938692425e+42	3.104784087308467e-17	0.4682435
4902	7.129244377556152e+16	6.928358793597198e+16	1.2594569668150872e+16	11.668364164400401	3000.0	1000.0	2.3545929804529446e+43	0.10000000000000002	1.4968294025065616e+42	2.87895987556635e-17	0.5393798
4845	7.164202835645384e+16	7.242517108150224e+16	3621258554075112.0	32.09747924765446	1000.0	200.0	2.275589925305155e+43	0.09999999999999996	1.1377949626525774e+42	5.721958636590156e-17	0.5184897
2585	7.219915931451824e+16	7.127517146044592e+16	6129078954838917.0	19.328426076345924	5000.0	5000.0	2.3259575376705005e+43	0.09999999999999999	1.1629787688352503e+42	1.4219817940685455e-17	0.5936148
3408	7.241753518848376e+16	7.353695985078597e+16	3676847992539298.5	16.02421671282899	1000.0	200.0	2.282979451377718e+43	0.09999999999999994	1.1414897256888592e+42	6.938893903899702e-17	0.6294473
491	7.310912691776589e+16	7.40297679147667e+16	3701488395738335.5	42.29719630323853	1000.0	200.0	2.214871268996568e+43	0.1	1.107435634498284e+42	9.846136835577167e-16	0.6464445
4771	7.315183958192323e+16	7.46390854659835e+16	3731954273299175.5	9.184303799931744	1000.0	200.0	2.2639975753681686e+43	0.09999999999999998	1.1319987876840843e+42	2.775558372283938e-17	0.6301888
3853	7.371991177316e+16	7.867156205449224e+16	1.5255820031936456e+16	13.510979472804058	1000.0	200.0	2.321248632845435e+43	0.09999999999999981	1.4701872703603118e+42	1.945319805470143e-16	1.033567
2420	7.395014998741195e+16	7.270423852699134e+16	3635211926349567.5	8.493336917952314	1000.0	200.0	2.2569698080925115e+43	0.09999999999999994	1.1284849040462558e+42	5.721956634801618e-17	0.5519999
3185	7.507463460651126e+16	7.583950413056942e+16	3791975206528471.5	9.700827342778512	1000.0	200.0	2.312078258805711e+43	0.09999999999999992	1.1560391294028556e+42	8.326672685875019e-17	0.771741
3544	7.534458107535323e+16	7.303542388001494e+16	2.0173172586164084e+16	11.86070125560447	2000.0	500.0	1.8316721188282012e+43	0.09999999999999995	1.5516748025892146e+42	5.731439369757779e-16	0.8953462
4398	7.578290341096563e+16	7.238207860217384e+16	1.0034377228936436e+16	22.4273698346352	7000.0	7000.0	1.9376509928360002e+43	0.09999999999999998	1.506298806529001e+42	9.369980117993601e-15	0.5704427
4001	7.694783991539325e+16	7.749414935824456e+16	3874707467912228.0	16.549029070569414	1000.0	200.0	2.339863195383628e+43	0.09999999999999996	1.169931597691814e+42	4.1633363423538564e-17	0.6232566
2360	7.710304970241624e+16	8.337179760565637e+16	4401717879717121.0	6.241277073507078	2000.0	200.0	5.320674519970597e+42	0.1000000000443164	8.44127317266465e+41	2.9771276281392053e-06	0.2899608
3179	7.878879556550056e+16	1.1502384547140315e+17	4.211669390521498e+16	10.10166011875693	1000.0	200.0	2.2384174194433487e+43	0.09999999999999999	2.345369988057138e+42	3.108947777028168e-17	0.5145842
3050	7.880811338239397e+16	7.881052341515642e+16	3940526170757821.0	24.289410152026104	1000.0	200.0	2.1842948984694845e+43	0.09999999999999999	1.0921474492347423e+42	1.3877813531567854e-17	0.8185744
3610	7.885219492281888e+16	7.889089753249562e+16	3944544876624781.0	28.688663836514547	1000.0	200.0	2.1857966797352244e+43	0.09999999999999994	1.0928983398676123e+42	1.7847605472057928e-14	1.037659
4816	8.145858465291307e+16	8.205113430802131e+16	4102556715401066.0	11.349784758863526	3000.0	500.0	5.11232991588188e+42	0.10000000026134791	6.462956396649758e+41	7.229771533651225e-06	0.4016761
3037	8.482541305983198e+16	7.99581596063009e+16	8809314434294043.0	11.059560064699465	7000.0	5000.0	1.9249707617944206e+43	0.09999999999999995	1.1972230432298579e+42	1.5095794073898721e-15	0.5655354
2363	8.743372686853739e+16	8.870733181328096e+16	1.949898847164136e+16	23.62599020152885	2000.0	500.0	2.4443307886041054e+43	0.09999999999999992	2.4369475752782203e+42	8.343307661896806e-17	0.4737327
3975	8.765308255060848e+16	3.6630810879236584e+16	2.119838347726463e+16	11.841329018672996	7000.0	2000.0	2.8947451224323737e+43	0.10111847072243603	1.842618135541853e+42	0.014914528746503111	0.52
3840	8.77412961573325e+16	9.061631421147966e+16	4530815710573983.0	14.149184999890364	2000.0	200.0	5.5410430336952403e+42	0.1	1.5267112907189942e+42	4.1101129532590633e-11	0.2842915
4913	8.968129541223411e+16	9.199369430565323e+16	9157946212169306.0	16.990757302075295	3000.0	500.0	2.9287338743797353e+43	0.09999999999999996	1.4643669371898677e+42	3.421941356877161e-17	0.4085265
5136	9.04348353074988e+16	8.65509267311297e+16	1.8634979053051892e+16	8.618989074599783	2000.0	500.0	2.365711121730339e+43	0.09999999999999999	1.6846090568759876e+42	3.10316769155909e-17	0.7829515
4867	9.79057580574045e+16	9.790578246210558e+16	4895289123105279.0	30.766580108958813	2000.0	500.0	2.1909672622608695e+43	0.10000000000000003	1.0954836311304349e+42	2.7755575615628914e-17	0.3977221
4414	9.812244059218814e+16	9.690199727285382e+16	4845099863642691.0	12.526087985269015	2000.0	200.0	1.4265306678820449e+43	0.10000000000000002	7.132653339410225e+41	6.989084691785334e-12	0.2788928
4495	1.0039304389806478e+17	1.0039335863126088e+17	5019667931563044.0	29.120870945508734	2000.0	500.0	2.24663284064378e+43	0.1	1.1233164203218901e+42	0.0	0.5227013
3934	1.0353667218850315e+17	9.853293497466643e+16	1.639954241841997e+16	9.59363309364125	7000.0	2000.0	3.1203536057434134e+43	0.10000000000000005	1.5601768028717068e+42	5.871645335016213e-17	0.4649458
5078	1.0749112996156454e+17	1.1084164802263997e+17	8801330670812427.0	9.651615192206949	3000.0	500.0	6.88413052664193e+42	0.10000002771176948	1.3002197784697252e+42	7.444698229396321e-05	0.4829292
4512	1.0905334621204171e+17	1.0963485607194405e+17	5481742803597203.0	9.307305295285746	3000.0	500.0	6.751279524316613e+42	0.10000000000000912	8.14564988934951e+41	4.258954721072683e-08	0.3410477
4260	1.1621452203972758e+17	9.096590993036101e+16	1.979431694563397e+16	18.403918612531065	5000.0	1000.0	2.6907042310529204e+43	0.10000000000000002	3.532832685957244e+42	7.03933639428027e-15	0.867
4626	1.2134662221008546e+17	1.1729442562325006e+17	1.0166944347279006e+16	9.303111636474343	7000.0	2000.0	1.0890336743675322e+43	0.1004607414081254	2.7421985862427228e+42	0.009588326182390867	0.6569601
2627	1.218087239517385e+17	1.2274691642830355e+17	6137345821415178.0	17.599844744471213	7000.0	2000.0	2.9354187372562643e+43	0.10000000000000002	1.4677093686281323e+42	4.291879241501048e-17	0.5936148
5062	1.219701644224496e+17	1.2197775204647725e+17	6098887602323863.0	20.39594267214056	2000.0	200.0	2.4323723924665967e+43	0.10000000000000002	1.2161861962332985e+42	1.3877787811438074e-17	0.3706717
4793	1.2436112906870171e+17	9.584390866712544e+16	2.6839418895732748e+16	20.98082234958178	3000.0	500.0	2.7140379897408123e+43	0.09999999999999998	4.302505579081938e+42	2.775557613291047e-17	1.033538
2615	1.2491910922843434e+17	1.2259186543305832e+17	1.1311608510095038e+16	16.08271667584484	3000.0	500.0	3.1460829189348244e+43	0.09999999999999998	1.9534240179663583e+42	1.9628469531983437e-17	0.5600532
4592	1.2703145785094496e+17	1.2852386490164518e+17	6426193245082260.0	10.051074575469595	3000.0	500.0	8.81193379771443e+42	0.10000000000000014	1.6096940931086214e+42	5.237071878776908e-09	0.26
2711	1.2709159920040866e+17	1.220681478577491e+17	1.3206021276293082e+16	19.62058853950253	5000.0	1000.0	3.0309205068669274e+43	0.09999999999999999	1.5154602534334636e+42	1.8085924661028733e-17	0.4931061
2686	1.271272693719006e+17	1.3305693191319957e+17	1.2720532809803962e+16	11.794179125988391	3000.0	500.0	1.0240809119808421e+43	0.10000000000000006	2.6414900455050867e+42	2.3215275004599793e-12	0.8068882
4964	1.2742800997606674e+17	1.332706839633863e+17	1.2371969524138592e+16	10.189153846516811	3000.0	500.0	1.156663846784452e+43	0.10000000000000715	2.442982059052739e+42	3.786598820134803e-08	0.37124
4194	1.3052020156927515e+17	1.2973513552086947e+17	6486756776043474.0	11.827681502283836	7000.0	2000.0	1.2025561696975605e+43	0.10000000438619916	1.0112799135780043e+42	2.9618234505061945e-05	0.4477248
4010	1.3569971433166576e+17	1.3501515073089594e+17	6750757536544797.0	9.145339655680605	2000.0	200.0	1.3336591060783823e+43	0.09999999999999991	2.0978686444112516e+42	7.17263502243296e-16	0.3713477
4531	1.364883429232979e+17	1.4169025435788699e+17	7084512717894350.0	37.02317606847176	2000.0	200.0	2.7596855590771273e+43	0.09999999999999981	1.3798427795385637e+42	1.942889835500661e-16	0.956
5143	1.3743434955798346e+17	1.3771659927243813e+17	6885829963621907.0	9.216836836032686	3000.0	500.0	9.140069585658977e+42	0.09999999999999999	4.5700347928294886e+41	1.8472184049360874e-13	0.3699533
2446	1.3771438043049045e+17	1.3159132783854568e+17	2.527949454202328e+16	10.425811737915328	5000.0	1000.0	1.1762625859036315e+43	0.11433029454577844	4.441995443260001e+42	0.05158198878859672	0.403169
4448	1.3823273959664018e+17	1.3135490582851685e+17	1.174800092852158e+16	10.432892367738235	5000.0	1000.0	3.1411149089315797e+43	0.10000000000000002	1.5705574544657898e+42	7.129016274622945e-17	1.07
4934	1.3832045794052024e+17	1.4275173190230051e+17	7137586595115026.0	36.407375707238636	2000.0	200.0	2.798310539195943e+43	0.10000000000000006	1.444392834376458e+42	8.194444438829448e-13	1.034971
4284	1.3876024445895552e+17	1.4035530650661515e+17	7017765325330758.0	25.124032476100844	2000.0	200.0	2.916729299796359e+43	0.10000000000000003	1.4583646498981793e+42	1.9635826554779058e-17	0.77
505	1.3879928603377467e+17	1.4340634162115114e+17	7170317081057557.0	30.063658642836522	2000.0	200.0	2.835396934952622e+43	0.09999999999999994	1.417698467476311e+42	6.937547757764546e-17	0.69886523
3983	1.4132496576887794e+17	1.4148460925123213e+17	7074230462561607.0	23.8700053765485	2000.0	200.0	3.01021527817355e+43	0.09999999999999977	1.5051076390867753e+42	2.224792223285117e-16	0.6094331
3274	1.4137999866459411e+17	1.4476853177969306e+17	7238426588984653.0	29.756465088916137	2000.0	200.0	2.904005627288898e+43	0.09999999999999992	1.537027833349125e+42	8.327061077005353e-17	0.7653357
4134	1.4249093961821042e+17	1.469424430979453e+17	7347122154897266.0	15.54852824376847	2000.0	200.0	2.8977835310145266e+43	0.09999999999999996	1.6738162732266597e+42	5.721903927725827e-17	0.653723
2600	1.435037008068895e+17	1.4190592766812821e+17	7095296383406411.0	40.69260408402032	3000.0	500.0	2.839905216432696e+43	0.09999999999999994	1.419952608216348e+42	8.441528675052226e-17	0.8094
3652	1.4374502362091626e+17	1.4354050837758984e+17	7177025418879492.0	31.90829321044024	3000.0	500.0	2.8609595001119937e+43	0.1	1.430479750055997e+42	0.0	0.6106995
3719	1.44003357870231e+17	1.4403587215489845e+17	7201793607744923.0	30.27770829935129	2000.0	200.0	3.073600360094547e+43	0.10000000000000003	1.5368001800472734e+42	1.9626263947579648e-17	0.661126
3382	1.4454864650402102e+17	1.4413923458754547e+17	7206961729377274.0	35.32942477619757	3000.0	500.0	2.8699696613447213e+43	0.09999999999999994	1.4349848306723608e+42	7.62160185439193e-14	0.9734909
2654	1.4486667217412003e+17	1.4669489340992582e+17	9271357993207398.0	33.09154734518626	2000.0	200.0	3.033663427909903e+43	0.09999999999999969	1.5168317139549515e+42	1.1452686311106816e-10	1.182028
105728	1.4744515143876752e+17	2.016424120731607e+17	7.408606361480667e+16	52.34972166149762	2000.0	200.0	2.936866469703082e+43	0.09999999999999978	1.6259489689357997e+42	2.4115973211212e-16	0.73992664
2893	1.4746786979359702e+17	1.4814871363319818e+17	7407435681659909.0	34.864417664138955	2000.0	200.0	2.941558547076702e+43	0.09999999999999998	1.470779273538351e+42	4.377078771904178e-17	0.7381184
3849	1.476161037806888e+17	1.631454651792387e+17	2.5992416760719484e+16	19.442807968490424	2000.0	200.0	2.779410965471099e+43	0.09999999999999992	2.7804249085729496e+42	9.032811260082084e-17	0.5990023
2793	1.486442556103152e+17	1.463242023531001e+17	7316210117655005.0	15.626069467694021	3000.0	500.0	2.7911032826172964e+43	0.0999999999999999	1.395551641308648e+42	1.110223609386848e-16	0.7712753
4287	1.4904842114478982e+17	1.4909131886210416e+17	7454565943105208.0	26.24984495025233	2000.0	200.0	2.988220143535707e+43	0.09999999999999994	1.4941100717678536e+42	6.938835336970048e-17	0.6208705
3540	1.5082884919834272e+17	1.5130047918753782e+17	7565023959376892.0	17.817730859457132	2000.0	200.0	3.0211659394399673e+43	0.10000000000000002	1.510582969719984e+42	3.094873314595621e-17	0.3878846
5094	1.5103680126213734e+17	1.0582075989864245e+17	3.1276493624034456e+16	13.27002139040511	7000.0	2000.0	2.1657235702369817e+43	0.10000000000000002	2.0776089169305512e+42	1.2451746949412092e-16	0.6554119
3219	1.5133611165572765e+17	1.5148230345942083e+17	7574115172971042.0	32.20905175566131	2000.0	200.0	3.019703850708304e+43	0.09999999999999974	1.509851925354152e+42	2.779002779308043e-16	0.6609005
3482	1.518228686871427e+17	1.6156248945140944e+17	1.7605730317954658e+16	14.298808584458216	3000.0	500.0	2.1621951500575707e+43	0.10005932196114467	1.0810975750287854e+42	0.0034439618368742792	0.7318509
4778	1.53577115041648e+17	1.484498422194048e+17	7422492110970240.0	12.8068678814818	3000.0	500.0	2.8482916476412423e+43	0.09999999999999998	1.7077929379825053e+42	2.775569712729644e-17	0.8063053
2808	1.545672608315256e+17	1.5456777809734406e+17	7728388904867204.0	43.782790703723094	2000.0	200.0	3.0857590232885467e+43	0.09999999999999994	1.5428795116442733e+42	6.938910043579935e-17	1.002311
4810	1.546960419581229e+17	1.5160923638856336e+17	7580461819428168.0	22.13140407239331	3000.0	500.0	2.805222826058387e+43	0.10000000000000003	1.4026114130291934e+42	1.9626156011538358e-17	0.968533
15306	1.5503347339571754e+17	1.5508786775454512e+17	7754393387727256.0	28.660637449154244	2000.0	200.0	3.084382491641404e+43	0.0999999999999999	1.542191245820702e+42	1.1102232783013343e-16	0.6050189
2368	1.5576651342786186e+17	1.5234443650636778e+17	7617221825318389.0	34.35342513364091	3000.0	500.0	2.8679787270180065e+43	0.09999999999999992	1.5356370350442135e+42	8.315760182327509e-17	0.7315395
4766	1.5745953536676397e+17	1.5761947893978858e+17	7880973946989429.0	16.83599923795929	2000.0	200.0	3.129978327283577e+43	0.09999999999999998	1.5649891636417887e+42	4.388541568020391e-17	0.54992
3247	1.5894987275399936e+17	1.590321056730071e+17	7951605283650356.0	36.47168089025421	2000.0	200.0	3.031076236996255e+43	0.09999999999999992	1.5155381184981274e+42	7.076318336969457e-17	1.072
4074	1.59780861966417e+17	1.598484259620704e+17	7992421298103520.0	43.19274504814524	2000.0	200.0	3.0289021592599364e+43	0.09999999999999912	1.5144510796299683e+42	9.021625618788397e-16	0.9267186
5100	1.5981747793429574e+17	1.598186320651517e+17	7990931603257586.0	32.23409504554375	2000.0	200.0	3.0574697323844176e+43	0.1000000000000001	1.528734866192209e+42	9.714452392307597e-17	0.8953567
89309	1.603484372051505e+17	1.6035688724736342e+17	8017844362368172.0	22.605251941307145	2000.0	200.0	3.0645368329301126e+43	0.09999999999999996	1.5322684164650564e+42	5.721958850288509e-17	1.022
405	1.6097922893432966e+17	1.609861066116915e+17	8049305330584575.0	27.76664456010448	2000.0	200.0	3.078416027879097e+43	0.09999999999999994	1.5392080139395483e+42	5.7219679822972e-17	0.5936148
3059	1.6101144120519446e+17	1.610725951110192e+17	8053629755550960.0	35.52931631715516	2000.0	200.0	3.0584690283608755e+43	0.09999999999999999	1.529234514180438e+42	1.3878482419795177e-17	0.864345
488	1.6105363373197005e+17	1.6107587467372675e+17	8053793733686338.0	27.062124265476314	2000.0	200.0	3.0811677415908373e+43	0.1	1.5405838707954186e+42	1.962479581136149e-17	0.5693595
4136	1.6177180928570176e+17	2.048960757453156e+17	3.0544239833632304e+16	26.41173543255152	2000.0	200.0	2.5757930654378864e+43	0.09999999999999999	3.665279861437853e+42	6.36782010220598e-17	0.5343353
2413	1.6266122407043254e+17	1.6273924673480704e+17	8136962336740352.0	30.029518705464607	2000.0	200.0	3.106905006578225e+43	0.09999999999999994	1.5534525032891125e+42	5.72807820065236e-17	0.6570781
4884	1.6316545965764477e+17	1.6319900609970282e+17	8159950304985141.0	30.13025625919209	2000.0	200.0	3.121080292671568e+43	0.10000000000000003	1.560540146335784e+42	2.7755575615628914e-17	0.7483684
4220	1.635041492889109e+17	1.6350536694254848e+17	8175268347127424.0	15.381424390867437	2000.0	200.0	3.127877298896818e+43	0.09999999999999991	1.5639386494484093e+42	1.1188627834427758e-16	0.5748209
511	1.636769545352242e+17	1.845004841561729e+17	2.9757720084418532e+16	14.763343413368217	2000.0	200.0	2.9424682533112384e+43	0.09999999999999995	2.6594985381777075e+42	5.0797731741497016e-17	0.5936148
4021	1.6395204097625126e+17	1.557000173292698e+17	1.0884599354113564e+16	18.390003059960378	2000.0	200.0	2.3921335666687565e+43	0.10000000000000002	4.68945481721931e+42	1.3877790073544538e-17	0.4377552
3868	1.6516384093320237e+17	1.651639153174957e+17	8258195765874786.0	14.792540361284258	2000.0	200.0	3.1597857813488773e+43	0.1	1.5798928906744386e+42	2.1439469700292838e-21	0.5745755
3794	1.659771146469545e+17	1.659774320472669e+17	8298871602363346.0	26.26696303079833	2000.0	200.0	3.1753280113972238e+43	0.09999999999999996	1.587664005698612e+42	3.103167825432015e-17	0.7596704
4666	1.662004019060204e+17	1.6620132034944378e+17	8310066017472189.0	33.338302349639825	2000.0	200.0	3.179604870612714e+43	0.09999999999999987	1.589802435306357e+42	1.2566888230773052e-16	0.6308047
2533	1.6649253208552736e+17	1.786259596499429e+17	2.474119969509192e+16	26.39484318241462	2000.0	200.0	2.7166392728687014e+43	0.09999999999999978	1.7151416124016735e+42	2.2177470419252527e-16	1.067276
3709	1.6669724460212957e+17	1.6669732952100227e+17	8334866476050114.0	22.264051528959204	2000.0	200.0	3.1891173141708675e+43	0.09999999999999998	1.5945586570854338e+42	4.388541835720868e-17	0.9543899
4728	1.6739248968054733e+17	1.678970601230107e+17	8394853006150535.0	41.50965586262016	2000.0	200.0	2.6755142026022865e+43	0.0999999999999999	1.3377571013011433e+42	1.111017555795168e-16	0.84075016
3410	1.682710291434559e+17	1.7126889483364822e+17	1.5042328162610874e+16	25.498731909637392	2000.0	200.0	2.726460241417843e+43	0.10000000000000013	1.3632301207089217e+42	1.1257709934225153e-16	0.7484055
4939	1.68787648831072e+17	1.637624766476241e+17	2.3199691954857764e+16	12.158220397500122	7000.0	2000.0	1.7726238226973154e+43	0.09999999999999996	1.4766985716843415e+42	4.178107088627244e-17	0.4735147
4625	1.697023929771276e+17	1.838333120942091e+17	2.1630761223589696e+16	46.708418212234754	2000.0	200.0	2.573414871068218e+43	0.09999999999999953	1.9109384927272167e+42	5.743515061716961e-16	0.6462666
2622	1.702723529037387e+17	1.708912495511249e+17	8544562477556245.0	28.316344178190363	2000.0	200.0	2.736606631068997e+43	0.09999999999999994	1.3683033155344986e+42	5.731141959064351e-17	0.7563627
4940	1.727278388426669e+17	1.7299733258637693e+17	8649866629318847.0	36.05757536159385	2000.0	200.0	2.772823234944018e+43	0.0999999999999999	1.386411617472009e+42	1.2566871346510768e-16	0.79
4705	1.7314880693964422e+17	2.00218442982464e+17	4.446033817365394e+16	28.72036238462852	2000.0	200.0	2.7411472708667737e+43	0.09999999999999991	2.0436668094510643e+42	9.714451465470121e-17	1.137138
4273	1.7344766935102733e+17	1.6980961814135258e+17	8490480907067629.0	10.811537981041186	3000.0	500.0	1.0784931278657965e+43	0.1	1.401876218184294e+42	1.5645068277716464e-17	0.6709211
5148	1.7458280702909782e+17	1.754630111848221e+17	8773150559241106.0	22.301208278118704	2000.0	200.0	2.6964119152064873e+43	0.10000000000000003	1.3482059576032437e+42	4.387235493487954e-17	1.010026
2521	1.7472669524416598e+17	1.7907572240856077e+17	1.193497511992164e+16	10.189335177152866	2000.0	200.0	2.7665006937150483e+43	0.09999999999999995	2.1508171541639236e+42	5.548390401121475e-17	0.7334824
2660	1.7529866862648653e+17	1.7574393560251485e+17	8787196780125743.0	36.217949141033635	2000.0	200.0	2.6829156780249316e+43	0.0999999999999999	1.3414578390124659e+42	1.1086990732215156e-16	0.9287403
2741	1.7554837026115126e+17	1.7623349088063728e+17	8811674544031864.0	23.106113172811742	2000.0	200.0	2.7146017731928514e+43	0.09999999999999998	1.3573008865964257e+42	2.7767553732779446e-17	0.6389617
3761	1.7639500317451782e+17	1.765949947215513e+17	8829749736077565.0	31.428552821634206	2000.0	200.0	2.717522283720521e+43	0.09999999999999991	1.3587611418602605e+42	1.1186691395119258e-16	0.79438055
3194	1.7735382913287184e+17	1.8314099013064797e+17	1.7641736884014414e+16	17.63055019600222	2000.0	200.0	2.739337621176999e+43	0.09999999999999996	1.3696688105884996e+42	3.103810465205408e-17	0.5810235
2901	1.7761952583347277e+17	1.9557105852930906e+17	3.4417241867848676e+16	25.8748299613255	2000.0	200.0	2.816961247047624e+43	0.09999999999999988	1.5520341519264275e+42	1.3956297599104107e-16	0.8865815
4329	1.7815574967660675e+17	1.8044887930016902e+17	1.1990738941829892e+16	31.626305472738917	2000.0	200.0	2.7606355376185804e+43	0.09999999999999981	1.3803177688092902e+42	1.8093271139594565e-16	0.6408329
5162	1.7938491839354512e+17	1.9250037710207107e+17	2.959832913584534e+16	40.01991605207851	2000.0	200.0	2.7815413419212005e+43	0.09999999999999981	1.459085139576403e+42	1.9428902930940193e-16	1.149173
2555	1.7948882745668432e+17	1.8044107870888755e+17	9022053935444378.0	45.79640857025585	2000.0	200.0	2.7024931182552297e+43	0.0999999999999999	1.3512465591276149e+42	1.258146534842127e-16	0.7481193
4031	1.801764758815264e+17	1.807771645804279e+17	9038858229021396.0	15.192345596304245	2000.0	200.0	1.864650388427874e+43	0.09999999999999991	9.32325194213937e+41	8.441528741537261e-17	0.39235
3429	1.817527987101963e+17	1.836369691809217e+17	9181848459046086.0	14.715589688088363	2000.0	200.0	2.779077463706998e+43	0.10000000000000002	1.389538731853499e+42	1.3877981022318294e-17	0.4550949
129819	1.8569945191804106e+17	1.8838677787894195e+17	1.2995406195496808e+16	44.547960988379224	2000.0	200.0	2.811769238268381e+43	0.10000000000000006	1.4058846191341904e+42	5.551115123125794e-17	1.1094217
4306	1.8607712707103798e+17	1.8617745623773296e+17	9308872811886648.0	22.54957851914244	2000.0	200.0	2.7757513926946427e+43	0.10000000000000003	1.3878756963473214e+42	2.775557561562892e-17	0.616767
15297	1.886664409346076e+17	1.890413640118382e+17	9452068200591910.0	37.316263052463185	2000.0	200.0	2.880138478043201e+43	0.10000000000000003	1.4400692390216006e+42	4.388738371549336e-17	0.614833
2895	1.8947071744909293e+17	1.9041294366115334e+17	9520647183057668.0	34.119416254798175	2000.0	200.0	2.7793776676795876e+43	0.09999999999999998	1.3896888338397939e+42	4.3885087921851325e-17	0.8706
5184	1.8964357036591923e+17	2.1307385965060486e+17	2.394051053878919e+16	20.525012839216473	3000.0	500.0	2.0280930608186195e+43	0.1	4.04083055796199e+42	0.0	0.3457226
5007	1.9078898540574442e+17	1.911735065462985e+17	9558675327314926.0	34.59522352347884	2000.0	200.0	2.8377860570664117e+43	0.10000000000000003	1.418893028533206e+42	2.7755846891845794e-17	0.8820093
2373	1.9320277919428096e+17	1.9578148412528973e+17	9789074206264486.0	12.104688633273094	3000.0	500.0	2.3845329177106015e+43	0.09999999999999998	1.1922664588553008e+42	1.9874009413317515e-17	0.5697359
3915	1.9353544620766288e+17	2.146757711084287e+17	2.379149239006781e+16	7.451576362062115	3000.0	500.0	2.0028470215917333e+43	0.10000000000000002	2.244808668525447e+42	1.387778780781452e-17	0.9573
4235	1.9465800289696234e+17	1.9478871756367e+17	9739435878183502.0	29.318208387178124	2000.0	200.0	2.905210465258618e+43	0.09999999999999996	1.452605232629309e+42	5.721952314903608e-17	0.6710604
4585	1.9499041175607117e+17	1.9684749941871994e+17	9842374970935998.0	37.65910772056205	2000.0	200.0	2.661427958522575e+43	0.09999999999999991	1.3307139792612876e+42	8.441749297906271e-17	0.896
4479	1.9670167118379507e+17	1.9667503349548893e+17	9833751674774446.0	30.328301534474583	3000.0	500.0	2.4820751539461397e+43	0.1	1.24103757697307e+42	1.0802531122151471e-18	0.4051163
2469	1.9788889234004173e+17	1.9818517585535184e+17	9909258792767592.0	20.317554526373943	2000.0	200.0	2.6979926542327287e+43	0.0999999999999998	1.3489963271163645e+42	1.9478488483108106e-16	0.6788668
4020	1.9801419394598035e+17	2.0610954012174858e+17	3.3783774856550304e+16	33.64026215611732	2000.0	200.0	2.6947811733334613e+43	0.09999999999999964	1.3473905866667307e+42	3.608224830031762e-16	1.0367903
3908	1.984763761158767e+17	1.9972925628593376e+17	9986462814296688.0	29.288200289851698	2000.0	200.0	2.685688840818684e+43	0.09999999999999988	1.342844420409342e+42	1.3963725345144752e-16	0.7111017
4217	1.98953276783017e+17	1.9982732056890848e+17	1.1076417960987648e+16	22.881143282217153	2000.0	200.0	2.7109987490115967e+43	0.10000000000000005	1.3554993745057984e+42	3.1054077313122266e-17	0.87
4118	1.9938198169615702e+17	2.0234725527592864e+17	1.940895669876187e+16	28.93671445786114	2000.0	200.0	2.652737227326672e+43	0.09999999999999998	1.326368613663336e+42	2.7755575615628914e-17	0.8971924
4263	1.9994225410322483e+17	2.0219169935091187e+17	1.0109584967545594e+16	23.81522796765894	2000.0	200.0	2.6279123417087913e+43	0.10000000000000002	1.3139561708543958e+42	1.460296695363391e-17	0.4862726
3810	2.0228274082764118e+17	2.0287209386780454e+17	1.0143604693390228e+16	42.764410491530285	7000.0	2000.0	2.331275038189056e+43	0.10000000000000003	1.1656375190945281e+42	2.775979249500312e-17	0.3491611
2407	2.026999633913781e+17	1.9984380781941715e+17	1.4021132823739158e+16	42.96491929850814	7000.0	2000.0	2.3632821432405235e+43	0.09999999999999998	1.7730398579423228e+42	4.1220071611923054e-17	0.4918179
3505	2.0282563126727856e+17	2.1977181376364704e+17	2.621648891002205e+16	17.590457592981483	3000.0	500.0	2.432305286765154e+43	0.10000000000000002	1.216152643382577e+42	2.7997067550661254e-17	0.5317925
4209	2.0305111956596006e+17	1.8747069611714915e+17	2.006421679564667e+16	9.062217991399779	5000.0	1000.0	2.02183734192635e+43	0.10001430696814205	1.0730778970624917e+42	0.0016915049332109327	0.5936148
3427	2.0377794539939862e+17	2.072091998208403e+17	1.0360459991042014e+16	14.347105228248743	3000.0	500.0	2.47103575128056e+43	0.09999999999999996	1.2355178756402801e+42	5.697393929012675e-17	0.3893454
3949	2.042165287933309e+17	2.042166892822377e+17	1.0210834464111886e+16	13.977808048244635	2000.0	200.0	2.722368777699573e+43	0.09999999999999999	1.3611843888497867e+42	1.3877788524567697e-17	0.5458651
2829	2.0432852308773222e+17	2.5349636404705693e+17	8.290409014126253e+16	40.70823017359902	2000.0	200.0	2.7610556623023935e+43	0.09999999999999995	1.8728140892128697e+42	7.018115653645911e-17	1.126418
4420	2.0439855525705344e+17	2.0494355825512515e+17	1.0247177912756258e+16	36.0820988699465	2000.0	200.0	2.699422735933764e+43	0.09999999999999998	1.3497113679668822e+42	2.7755575615628926e-17	0.8145254
3705	2.049586197133524e+17	2.0497530147618464e+17	1.0248765073809232e+16	34.985563675172465	2000.0	200.0	2.732172264783622e+43	0.1	1.3660861323918111e+42	0.0	0.89
3880	2.0571440601246995e+17	2.0584098481608886e+17	1.0292049240804444e+16	42.0410867088812	3000.0	500.0	2.535375671131429e+43	0.09999999999999992	1.2676878355657146e+42	8.32667268468867e-17	0.5936148
3147	2.0596458887125005e+17	2.0601979407108493e+17	1.0300989703554246e+16	30.881517168434105	2000.0	200.0	2.745739542363109e+43	0.10000000000000005	1.3728697711815544e+42	3.110633487740587e-17	0.6295715
411	2.0710076753402675e+17	2.0710217517129984e+17	1.0355108758564992e+16	19.27563841943171	2000.0	200.0	2.760781313422104e+43	0.10000000000000006	1.3803906567110521e+42	5.55111808371361e-17	0.5936148
2988	2.0787061730151146e+17	2.078837615513088e+17	1.039418807756544e+16	24.083239395709715	2000.0	200.0	2.771021532537546e+43	0.09999999999999987	1.3855107662687731e+42	1.3877787807814442e-16	0.9003364
3301	2.1111594849385786e+17	2.134568848937276e+17	1.0672844244686382e+16	9.52839635496086	7000.0	2000.0	2.3263479785111785e+43	0.09999999999999999	1.1631739892555894e+42	1.3881909496926688e-17	0.3715994
3692	2.1998808558084995e+17	2.910597253961338e+17	7.561651041298158e+16	10.279894711589627	2000.0	200.0	2.0805683270365834e+43	0.1	5.669637710779506e+42	4.382515635007042e-14	1.103
4395	2.2756568847934602e+17	2.4451069772896035e+17	2.578731382909211e+16	46.18371319324289	3000.0	500.0	2.1985625980958792e+43	0.1	1.2608485106355777e+42	0.0	0.8599225
2788	2.281909644526707e+17	2.4637434960141133e+17	2.6568512740839924e+16	45.423273081510395	3000.0	500.0	2.2177193892768763e+43	0.1000000000000001	1.58027866298394e+42	1.2904988838451196e-16	0.8949025
417	2.344650669643703e+17	2.5151594536610282e+17	2.893614491206523e+16	30.629885448856395	3000.0	500.0	2.3423374801285723e+43	0.1	2.5535947198110745e+42	9.289454587389128e-18	0.5936148
2458	2.3481650677306474e+17	2.3987070565166957e+17	1.503028179105899e+16	27.660240258294348	3000.0	500.0	2.2466933037567996e+43	0.09999999999999998	1.1233466518783999e+42	2.7297130114910502e-17	0.74693614
2596	2.359883692772579e+17	2.4160825229264515e+17	1.569897401014529e+16	11.351170857047567	3000.0	500.0	2.2507820950211117e+43	0.09999999999999998	1.1253910475105559e+42	3.6787656777919596e-17	0.7551855
4707	2.404380071311817e+17	2.4446836960202435e+17	1.4359288263547778e+16	38.97240356255797	3000.0	500.0	2.2982796079437358e+43	0.09999999999999985	1.1491398039718679e+42	1.667463685436325e-16	0.9757134
3085	2.4332157293876054e+17	2.572628748905917e+17	3.021742305871995e+16	13.778456719062673	2000.0	200.0	1.7368754335317308e+43	0.10000000000000009	3.628384874787324e+42	8.326672684688677e-17	0.6774662
3258	2.498372624535955e+17	2.5147134487714147e+17	1.2573567243857074e+16	44.65547598603713	3000.0	500.0	2.2719666419824e+43	0.09999999999999998	1.145256003662402e+42	2.775557561562892e-17	0.918
3823	2.5180990792266077e+17	2.5256652774171126e+17	1.2628326387085564e+16	42.538281300274555	3000.0	500.0	2.2884622146801335e+43	0.09999999999999978	1.1442311073400668e+42	2.2204460492503109e-16	0.8164449
5163	2.523473416613369e+17	2.528992761255892e+17	1.264496380627946e+16	22.450450498086813	3000.0	500.0	2.327833814615609e+43	0.09999999999999999	1.1639169073078046e+42	1.3877848772870707e-17	0.69915
3808	2.5239784565571885e+17	2.5250726943249213e+17	1.2625363471624608e+16	44.70007186517024	2000.0	200.0	2.3417720756722143e+43	0.09999999999999995	1.1708860378361072e+42	4.388533248831848e-17	0.6472445
2847	2.532810711541568e+17	2.540183415458167e+17	1.2700917077290836e+16	41.86250475369238	3000.0	500.0	2.286146898031122e+43	0.09999999999999998	1.143073449015561e+42	2.77555756156289e-17	0.8637885
3316	2.549791140882959e+17	2.5501760899296538e+17	1.275088044964827e+16	36.698771227538934	2000.0	200.0	2.3864814154475826e+43	0.09999999999999984	1.1932407077237913e+42	1.5328613231673936e-16	0.6827061
2974	2.58064490624768e+17	2.5817473537195494e+17	1.2908736768597748e+16	42.59345066728078	2000.0	200.0	2.377796222644707e+43	0.09999999999999995	1.2369907166674362e+42	5.551115123125785e-17	1.019214
4811	2.5876505505298678e+17	2.5918856745933005e+17	1.2959428372966504e+16	49.74197438462239	3000.0	500.0	2.2444728448677167e+43	0.10000000000000006	1.1222364224338584e+42	5.5511151231257815e-17	0.8711765
4267	2.5919162516575754e+17	2.5923880492101034e+17	1.2961940246050518e+16	43.423976802647545	2000.0	200.0	2.403190791011586e+43	0.09999999999999978	1.201595395505793e+42	2.220446049250313e-16	1.022807
3660	2.598834861460678e+17	2.6255479957500576e+17	1.5942493580942336e+16	45.42294088895554	3000.0	500.0	2.2591276389995758e+43	0.1000000000000001	1.188282872608935e+42	9.714451465470126e-17	1.052332
4598	2.600762039592287e+17	2.6965597461759946e+17	3.0920450762081256e+16	14.395512962455921	3000.0	500.0	2.3579776991782776e+43	0.1	1.4333214084663703e+42	0.0	0.9072709
3608	2.618092008100433e+17	2.6343205493849542e+17	1.3171602746924772e+16	12.390988210573509	3000.0	500.0	2.3303080128781645e+43	0.1	1.1651540064390823e+42	0.0	0.8514275
4558	2.6216304572478906e+17	2.4611150026822714e+17	2.273391156966076e+16	45.32890956289321	5000.0	1000.0	2.1780823455155738e+43	0.09999999999999994	1.3346749310923408e+42	7.37943020878113e-17	0.4050586
4421	2.6231069511846022e+17	2.6267964429012013e+17	1.3133982214506008e+16	40.5339996008709	3000.0	500.0	2.298964575130211e+43	0.09999999999999978	1.1494822875651055e+42	2.2204460492503106e-16	0.8422302
489	2.628843554739576e+17	2.628569778781952e+17	1.314284889390976e+16	35.299123566923484	2000.0	200.0	2.4777919226101195e+43	0.10000000000000005	1.2388959613050599e+42	4.1633363423443413e-17	0.9320096
2691	2.630240382786526e+17	2.6383932317263872e+17	1.3191966158631936e+16	15.593755562691522	3000.0	500.0	2.333719097887736e+43	0.1	1.166859548943868e+42	0.0	0.8237698
3837	2.6350040307287437e+17	2.6354389243523117e+17	1.317719462176156e+16	47.793935536023135	2000.0	200.0	2.444366719340298e+43	0.10000000000000007	1.222183359670149e+42	6.938893903907231e-17	0.8058979
4510	2.6508675487885994e+17	2.6513565487548262e+17	1.3256782743774132e+16	33.55512299433408	2000.0	200.0	2.4961259248939394e+43	0.0999999999999999	1.2480629624469698e+42	1.1102229073858416e-16	0.4901002
5090	2.65180144895327e+17	2.652282304253928e+17	1.326141152126964e+16	28.51947567559174	2000.0	200.0	2.487640332534453e+43	0.09999999999999987	1.2438201662672265e+42	1.5328517535269836e-16	0.6676788
514	2.654629220172366e+17	2.6552074708426147e+17	1.3276037354213074e+16	34.13656120238921	2000.0	200.0	2.4994359403716647e+43	0.09999999999999987	1.2497179701858325e+42	1.387778721430956e-16	0.5936148
4982	2.6641886010497e+17	2.666061639517126e+17	1.3330308197585632e+16	39.423024748994436	3000.0	500.0	2.326627270404367e+43	0.09999999999999994	1.1633136352021837e+42	6.938893903907217e-17	0.8594977
503	2.6888880321263914e+17	2.6888225079428218e+17	1.344411253971411e+16	42.47910493080219	2000.0	200.0	2.4883790838628844e+43	0.10000000000000005	1.2441895419314423e+42	4.163336342344335e-17	0.9386824
3953	2.7136566876398954e+17	2.712621754729553e+17	1.3563108773647766e+16	32.59755739886948	2000.0	200.0	2.542622703155936e+43	0.10000000000000002	1.271311351577968e+42	1.3877787807814457e-17	1.075215
3816	2.713872915442689e+17	2.7191283362663443e+17	1.3595641681331722e+16	32.23993503653737	3000.0	500.0	2.346904561041966e+43	0.09999999999999999	1.173452280520983e+42	1.3877787807814457e-17	0.8646966
3228	2.715139249310817e+17	2.7150672582823594e+17	1.3575336291411798e+16	46.050700100601624	2000.0	200.0	2.5023734100935414e+43	0.09999999999999988	1.2511867050467708e+42	1.249000902703301e-16	1.043349
4316	2.7195485121431098e+17	2.719900128002422e+17	1.3599500640012112e+16	18.630766575753473	2000.0	200.0	2.5646575120764115e+43	0.09999999999999998	1.2823287560382058e+42	2.7755575615628907e-17	0.6978595
3822	2.726457941714889e+17	2.860235311028187e+17	4.888330288248619e+16	44.32036378083396	3000.0	500.0	2.257995522057759e+43	0.10000000000000002	2.258639226250748e+42	1.3877787807814457e-17	1.0977877
3873	2.7269271207547677e+17	2.7249970117753603e+17	1.3624985058876802e+16	26.173834888276016	2000.0	200.0	2.459355100401428e+43	0.0999999999999999	1.2296775502007141e+42	1.1102230246251556e-16	0.8772352
4836	2.7287821247568147e+17	2.7238950798491488e+17	1.3619475399245744e+16	15.17421574679978	2000.0	200.0	1.400663943391082e+43	0.09999999999999991	2.813970546393364e+42	1.1188630228246355e-16	0.4105472
3322	2.7589572630433334e+17	2.7571461160712224e+17	1.3785730580356112e+16	44.57614311952891	2000.0	200.0	2.4574382710769407e+43	0.09999999999999978	1.2287191355384704e+42	2.2204460492503116e-16	0.9753261
3212	2.7657565922966282e+17	2.765686765195924e+17	1.382843382597962e+16	45.044535195607075	2000.0	200.0	2.5657373162163996e+43	0.10000000000000007	1.2828686581081999e+42	6.938893903907226e-17	0.9347435
3627	2.8029288370540467e+17	2.750106062413822e+17	1.3750530312069112e+16	45.927255755598594	3000.0	500.0	2.2458330354146387e+43	0.09999999999999999	1.1229165177073194e+42	1.3877787807814463e-17	0.7924418
3005	2.8087532639434208e+17	2.8056310055324006e+17	1.4028155027662004e+16	35.37372083110805	3000.0	500.0	2.2253394948320817e+43	0.09999999999999978	1.1126697474160409e+42	2.220446064754994e-16	0.6516635
3306	2.828856347731256e+17	2.8289653254223126e+17	1.4144826627111564e+16	31.36505520712338	2000.0	200.0	2.4286893601037533e+43	0.09999999999999981	1.2143446800518768e+42	1.942890325277847e-16	0.7464817
4342	2.8550837928110947e+17	2.754890380480615e+17	2.4998636687862304e+16	36.30298344987991	5000.0	1000.0	2.3796544894115884e+43	0.1	2.4812093907713557e+42	3.022859461591618e-17	0.7988075
3800	2.8592744783015206e+17	2.8647042328093232e+17	1.4323521164046616e+16	47.198285490182094	2000.0	200.0	2.3566218852439015e+43	0.0999999999999999	2.1716188225030152e+42	1.1102230246251565e-16	1.1299509
129814	2.88218968216096e+17	2.8848256114574163e+17	1.4424128057287082e+16	45.738462828218154	2000.0	200.0	2.4240684040469744e+43	0.09999999999999998	1.5371161385733546e+42	4.388541835720874e-17	0.98463744
4865	2.885514800714654e+17	2.887355568085081e+17	1.4436777840425406e+16	42.24987057006974	2000.0	200.0	2.418753192091234e+43	0.09999999999999995	1.7470174251655346e+42	5.5511151231257815e-17	1.113658
4615	2.8898089641996205e+17	2.892887768290113e+17	1.4464438841450568e+16	44.00608243836476	2000.0	200.0	2.3800987761225336e+43	0.10000000000000012	1.5020300456664392e+42	1.110223024625155e-16	1.001043
4851	2.902037734969466e+17	2.9182484869742586e+17	1.4591242434871294e+16	49.42709354229262	2000.0	200.0	2.230601335716726e+43	0.10000000000000003	2.5518331153411734e+42	2.7755575615628892e-17	1.03976
2551	2.913208486728701e+17	2.9288018439335354e+17	1.4644009219667678e+16	34.74723213631431	2000.0	200.0	2.2888366047276617e+43	0.09999999999999994	2.1228492294384152e+42	5.721958498152796e-17	0.6817994
3376	2.91359884020957e+17	2.917974673437842e+17	1.458987336718921e+16	43.19461755008419	2000.0	200.0	2.377980180206008e+43	0.09999999999999996	1.792779222033027e+42	4.1633363423443413e-17	0.9519279
399	2.949252574086799e+17	2.6811955745115123e+17	2.8940390472745496e+16	39.269571767912765	5000.0	1000.0	2.2700220456419595e+43	0.09999999999999998	1.1350110228209798e+42	1.09781950871353e-16	0.447941
5101	2.979093908907661e+17	2.9956476974948915e+17	1.4978238487474458e+16	41.76300085023157	2000.0	200.0	2.0674901553954353e+43	0.09999999999999996	1.6429952296873564e+42	5.721958498152793e-17	1.164586
3965	2.983665048905884e+17	3.091042454069e+17	3.46341477624215e+16	35.43662046322056	2000.0	200.0	2.1115826343208188e+43	0.10000000000000003	1.5893407676624993e+42	2.775557561562893e-17	1.113947
3674	2.9958065262574995e+17	3.416427873372477e+17	5.23294457852807e+16	33.98833532413605	3000.0	200.0	2.690217289935909e+43	0.10000000000000003	2.1197512998153568e+42	2.775557561562889e-17	1.1594256
3711	2.9978534099321126e+17	3.005914915880662e+17	1.502957457940331e+16	42.73126819273238	2000.0	200.0	2.113844138298118e+43	0.10000000000000005	1.1261276596662657e+42	3.1031676915590926e-17	0.9194847
3725	3.006174511457939e+17	2.913025324460151e+17	2.4233157715846616e+16	12.637195369992725	5000.0	1000.0	2.331044559766501e+43	0.1	1.1655222798832505e+42	1.7863416381686662e-17	0.5936148
4825	3.039651231235232e+17	3.046438121034888e+17	1.523219060517444e+16	41.01262322134291	2000.0	200.0	2.1654383658080674e+43	0.09999999999999992	1.0827191829040338e+42	8.326672208514597e-17	0.7611648
3946	3.104027936093656e+17	3.1345122312479494e+17	1.5672561156239748e+16	11.673313872607268	2000.0	200.0	2.1898338861531702e+43	0.1	1.0949169430765852e+42	6.999041928852602e-31	1.07563
4303	3.114138311500438e+17	2.6992903293000506e+17	3.2700058077573804e+16	18.547628887576614	3000.0	200.0	2.529841047511083e+43	0.09999999999999999	2.7723518490243534e+42	1.3877787807814457e-17	0.8408304
4998	3.1240009336763795e+17	3.1431884399251706e+17	1.5715942199625854e+16	40.83975387635539	2000.0	200.0	2.1953129456068057e+43	0.09999999999999996	1.097656472803403e+42	4.163336342344334e-17	1.148
89310	3.131024496659422e+17	3.141728045887339e+17	1.5708640229436696e+16	47.25084893308143	2000.0	200.0	2.19229203762024e+43	0.09999999999999999	1.09614601881012e+42	3.10316769155909e-17	1.113772
4212	3.143076008998837e+17	3.152188155868287e+17	1.5760940779341434e+16	49.16170738791083	2000.0	200.0	2.2174131717357123e+43	0.10000000000000009	1.1087065858678562e+42	9.813025578870414e-17	0.7337845
3970	3.164159448396791e+17	3.170508530327042e+17	1.585254265163521e+16	37.097536313719246	2000.0	200.0	2.2639376332758815e+43	0.09999999999999996	1.1319688166379408e+42	4.1633363423443376e-17	0.895
4870	3.170771147908596e+17	3.180492269819703e+17	1.5902461349098516e+16	43.64690399697127	2000.0	200.0	2.23776006597259e+43	0.09999999999999995	1.118880032986295e+42	5.551115123125785e-17	0.8029542
4920	3.236761359628744e+17	3.244839566735952e+17	1.622419783367976e+16	38.24521566939199	2000.0	200.0	2.3181205662115922e+43	0.09999999999999999	1.1590602831057961e+42	1.3877787807814455e-17	0.5546212
4304	3.2463136053216954e+17	3.25660090998579e+17	1.6283004549928952e+16	32.26136715468233	2000.0	200.0	2.2804929126235255e+43	0.10000000000000002	1.1402464563117628e+42	1.3877787807814452e-17	1.107
3249	3.3302538056883264e+17	3.436025664171082e+17	3.790882274551595e+16	32.195880381857016	2000.0	200.0	2.301462556893324e+43	0.10000000000000012	1.1507312784466621e+42	1.1102230246251564e-16	1.177
3511	3.3359180048982234e+17	3.346238500799661e+17	1.6731192503998304e+16	44.74498501413269	2000.0	200.0	2.2524791465730525e+43	0.1	1.1262395732865262e+42	0.0	0.9866552
3485	3.3891959305494483e+17	3.404673941463014e+17	1.702336970731507e+16	42.39688169675282	2000.0	200.0	2.286161055179943e+43	0.1	1.1430805275899716e+42	0.0	0.5936148
3070	3.444106411793212e+17	3.4512703188351635e+17	1.7256351594175818e+16	38.900326328034005	2000.0	200.0	2.2537241175509375e+43	0.1	1.1268620587754688e+42	0.0	1.097
3766	3.466565654660421e+17	3.477743602802776e+17	1.7388718014013882e+16	45.174715012480334	2000.0	200.0	2.253504620351085e+43	0.1	1.1267523101755426e+42	0.0	1.116431
3937	3.47266421463722e+17	3.477250585825816e+17	1.7386252929129082e+16	31.90119985165269	2000.0	200.0	2.2949277836773517e+43	0.1	1.147463891838676e+42	0.0	1.024074
50029	3.565651039181812e+17	3.578088753899908e+17	1.789044376949954e+16	54.129766239966735	2000.0	200.0	2.2816004608799293e+43	0.10000000000000003	1.1408002304399648e+42	2.7755575615628907e-17	0.7817731
4676	3.639067537309899e+17	3.63909685857017e+17	1.8195484292850852e+16	32.364018404880106	2000.0	200.0	2.161377321128459e+43	0.1	1.0806886605642295e+42	0.0	1.049156
4122	3.644028084594647e+17	3.644539773124367e+17	1.8222698865621836e+16	52.29653109735715	2000.0	200.0	2.1642963046789486e+43	0.10000000000000002	1.0821481523394744e+42	1.3877787807814457e-17	0.962285
2435	3.644631390785948e+17	3.645019606010432e+17	1.822509803005216e+16	39.331751728610946	2000.0	200.0	2.1646589760276674e+43	0.09999999999999998	1.0823294880138338e+42	2.775557561562893e-17	1.067174
5158	3.689363841936056e+17	3.689443619272986e+17	1.8447218096364932e+16	21.260745789725004	2000.0	200.0	2.1912520568606937e+43	0.09999999999999999	1.095626028430347e+42	3.10316769155909e-17	1.14689
4196	3.706460377833969e+17	3.706511986809833e+17	1.8532559934049164e+16	41.894929479176604	2000.0	200.0	2.2014032258072852e+43	0.10000000000000005	1.1007016129036426e+42	4.163336342344333e-17	0.96757126
3803	4.0679921670359366e+17	3.659283730831421e+17	6.636725288851631e+16	13.815745320993592	5000.0	500.0	2.704458971937844e+43	0.10000000000000002	2.3298567227303422e+42	1.3877787807814455e-17	1.116107
3836	4.258091896029071e+17	3.882413451763332e+17	6.38230402217491e+16	42.08366460493772	5000.0	200.0	2.9638112172205914e+43	0.09999999999999994	3.512536769673763e+42	9.812365723924679e-17	1.177655
5155	4.2984701379537395e+17	3.234347513016151e+17	8.092790691169454e+16	40.56316493515807	5000.0	200.0	2.63072521009233e+43	0.09999999999999983	4.44589657393896e+42	2.6123365665769366e-16	0.9847701
4704	5.007500866975194e+17	5.1971118357671565e+17	5.471807092795299e+16	42.67957743109489	3000.0	200.0	2.190961991838989e+43	0.10000000000000002	1.0954809959194946e+42	1.3877787807814457e-17	1.149693
4832	5.012030535626551e+17	5.0594715851265837e+17	2.8408639101103532e+16	42.08990824497678	3000.0	200.0	2.2208213447723975e+43	0.10000000000000003	1.1104106723861988e+42	2.775557561562891e-17	1.016
107991	5.0655293064587046e+17	6.090557363078113e+17	1.0379866202012102e+17	19.288351492664567	3000.0	200.0	2.099405352205284e+43	0.09999999999999995	1.74205147881064e+42	5.551115123125784e-17	1.063173
3835	5.149169973649566e+17	5.1710479976772954e+17	2.585523998838648e+16	42.804167394916256	3000.0	200.0	2.2705033713734647e+43	0.09999999999999992	1.1352516856867324e+42	8.326672684688672e-17	0.7644863
4253	5.1668137806104826e+17	5.213628360726441e+17	2.606814180363221e+16	36.65033651678096	3000.0	200.0	2.278872896875942e+43	0.10000000000000003	1.1394364484379711e+42	2.7755575615628914e-17	0.9999148
2524	5.1919461517237645e+17	5.2170867083996275e+17	2.608543354199814e+16	49.59493955885223	3000.0	200.0	2.271890438523556e+43	0.09999999999999999	1.1359452192617781e+42	3.103055382534336e-17	0.6121494
4231	5.239088143491127e+17	5.2609898757727546e+17	2.6304949378863776e+16	50.17832644909943	3000.0	200.0	2.3050527691689907e+43	0.09999999999999996	1.1525263845844954e+42	4.163336342344337e-17	0.7443253
2936	5.243300628399728e+17	5.3147070151233306e+17	3.2536959436340436e+16	38.99387377437716	3000.0	200.0	2.2816298980279475e+43	0.10000000000000002	1.1408149490139738e+42	1.3877787807814457e-17	1.1077
5106	5.359497201902454e+17	5.384368663417278e+17	2.692184331708639e+16	54.0561043380385	3000.0	200.0	2.261197579116666e+43	0.09999999999999992	1.130598789558333e+42	7.076302158750747e-17	0.7584822
2516	5.446506680057968e+17	5.7031522885357786e+17	6.06391458128736e+16	54.84374877740535	3000.0	200.0	2.2495687533487645e+43	0.10000000000000003	1.1247843766743822e+42	2.7755575615628914e-17	1.107525
3168	5.593700762640326e+17	5.709215720337472e+17	4.319595904495607e+16	46.270285046835475	3000.0	200.0	2.2714548041422555e+43	0.1	1.1357274020711278e+42	0.0	1.177245
4446	5.626632232829892e+17	5.6497865644471955e+17	2.824893282223598e+16	46.439024375779766	3000.0	200.0	2.290797064206557e+43	0.10000000000000003	1.1453985321032785e+42	4.388508537871434e-17	0.7717948
3654	5.671836793262232e+17	5.701784221346388e+17	2.850892110673194e+16	48.58114057533509	3000.0	200.0	2.2976163464460526e+43	0.09999999999999998	1.1488081732230264e+42	2.7755413083307142e-17	0.6129789
4147	5.715662970234608e+17	6.08629808078733e+17	7.839100065219614e+16	44.478341357408524	3000.0	200.0	2.2703682823851696e+43	0.09999999999999999	1.1351841411925848e+42	1.3877787807814457e-17	1.199757
4365	5.822153071658131e+17	6.597273243159414e+17	1.0304597498843378e+17	47.38198706794556	3000.0	200.0	2.1791163247970286e+43	0.1	1.0895581623985144e+42	0.0	0.8180454
5211	5.866893974850118e+17	6.616698305956262e+17	1.1869808825169363e+17	51.42798674652888	3000.0	200.0	2.1783174304251388e+43	0.10000000000000006	1.0891587152125695e+42	5.551115123125784e-17	1.166384
4504	5.875390624713339e+17	6.542901297652371e+17	8.876464567764376e+16	35.81903256939686	3000.0	200.0	2.2189197520244698e+43	0.1	1.109459876012235e+42	0.0	1.128068
2729	7.757023903632125e+17	8.184847397452598e+17	5.195896532346855e+16	48.265385068021935	5000.0	500.0	2.1906641014328353e+43	0.1	1.0953320507164177e+42	0.0	1.077742
4476	7.828973836817971e+17	8.336175330570941e+17	5.456667834367955e+16	49.74739827789772	5000.0	500.0	2.2186735964782766e+43	0.10000000000000002	1.1093367982391384e+42	1.3877787807814457e-17	1.1360178
3361	7.899754965348957e+17	8.10197092841588e+17	4.259024170887907e+16	46.99707522241977	5000.0	500.0	2.2154845950401245e+43	0.1	1.1077422975200624e+42	0.0	0.9362372
4127	9.298629357983889e+17	9.298629357983889e+17	4.649314678991945e+16	30.67317290921685	5000.0	200.0	2.146817392165944e+43	0.1	1.073408696082972e+42	0.0	0.948
2909	9.31148041630889e+17	9.311480416308891e+17	4.6557402081544456e+16	54.683667899457305	5000.0	200.0	2.1497843751972833e+43	0.1	1.0748921875986417e+42	0.0	1.017257
3633	9.411974817186076e+17	9.411974817186076e+17	4.705987408593038e+16	33.30576147687045	5000.0	200.0	2.1729859804352854e+43	0.1	1.0864929902176427e+42	0.0	0.9566902
4225	9.412034432033321e+17	9.412034432033322e+17	4.7060172160166616e+16	48.90992892131291	5000.0	200.0	2.172999743989673e+43	0.09999999999999999	1.0864998719948366e+42	1.3877787807814457e-17	1.026809
3488	1.1618269045152515e+18	1.1709849112228838e+18	5.854924556114419e+16	30.17925955620729	7000.0	500.0	2.244212392810133e+43	0.09999999999999999	1.1221061964050666e+42	1.3877787807814457e-17	0.5936148
